step,veh_id,route_id,start_lane,end_lane
2,veh_2_1,route_17_1,17,1
2,veh_2_2,route_15_8,15,8
4,veh_4_1,route_16_2,16,2
6,veh_6_1,route_15_8,15,8
7,veh_7_1,route_11_18,11,18
7,veh_7_2,route_10_19,10,19
8,veh_8_1,route_22_7,22,7
10,veh_10_1,route_21_8,21,8
12,veh_12_1,route_22_7,22,7
14,veh_14_1,route_21_8,21,8
14,veh_14_2,route_20_14,20,14
16,veh_16_1,route_17_1,17,1
18,veh_18_1,route_16_2,16,2
19,veh_19_1,route_10_19,10,19
19,veh_19_2,route_6_7,6,7
20,veh_20_1,route_15_8,15,8
22,veh_22_1,route_12_13,12,13
25,veh_25_1,route_22_7,22,7
25,veh_25_2,route_21_8,21,8
27,veh_27_1,route_22_7,22,7
29,veh_29_1,route_17_1,17,1
29,veh_29_2,route_16_2,16,2
31,veh_31_1,route_5_14,5,14
31,veh_31_2,route_17_18,17,18
32,veh_32_1,route_15_8,15,8
36,veh_36_1,route_22_7,22,7
36,veh_36_2,route_21_8,21,8
37,veh_37_1,route_20_14,20,14
37,veh_37_2,route_10_19,10,19
38,veh_38_1,route_11_18,11,18
39,veh_39_1,route_17_18,17,18
46,veh_46_1,route_16_2,16,2
47,veh_47_1,route_15_8,15,8
47,veh_47_2,route_17_1,17,1
48,veh_48_1,route_17_1,17,1
49,veh_49_1,route_15_8,15,8
50,veh_50_1,route_17_18,17,18
51,veh_51_1,route_5_13,5,13
53,veh_53_1,route_4_14,4,14
53,veh_53_2,route_22_1,22,1
54,veh_54_1,route_5_13,5,13
55,veh_55_1,route_20_14,20,14
57,veh_57_1,route_21_8,21,8
59,veh_59_1,route_10_19,10,19
62,veh_62_1,route_11_18,11,18
63,veh_63_1,route_4_14,4,14
66,veh_66_1,route_5_13,5,13
69,veh_69_1,route_17_1,17,1
69,veh_69_2,route_15_8,15,8
74,veh_74_1,route_20_14,20,14
74,veh_74_2,route_11_18,11,18
77,veh_77_1,route_10_19,10,19
77,veh_77_2,route_12_13,12,13
77,veh_77_3,route_9_1,9,1
77,veh_77_4,route_22_7,22,7
77,veh_77_5,route_21_8,21,8
79,veh_79_1,route_4_14,4,14
83,veh_83_1,route_6_7,6,7
83,veh_83_2,route_3_18,3,18
84,veh_84_1,route_22_1,22,1
86,veh_86_1,route_15_8,15,8
89,veh_89_1,route_17_18,17,18
90,veh_90_1,route_21_8,21,8
91,veh_91_1,route_12_13,12,13
93,veh_93_1,route_16_2,16,2
94,veh_94_1,route_17_1,17,1
100,veh_100_1,route_20_14,20,14
100,veh_100_2,route_21_8,21,8
100,veh_100_3,route_22_7,22,7
102,veh_102_1,route_10_19,10,19
104,veh_104_1,route_11_18,11,18
104,veh_104_2,route_20_14,20,14
106,veh_106_1,route_12_13,12,13
108,veh_108_1,route_3_19,3,19
109,veh_109_1,route_17_1,17,1
109,veh_109_2,route_16_2,16,2
111,veh_111_1,route_15_8,15,8
115,veh_115_1,route_15_8,15,8
115,veh_115_2,route_5_13,5,13
115,veh_115_3,route_4_14,4,14
119,veh_119_1,route_6_7,6,7
119,veh_119_2,route_21_8,21,8
121,veh_121_1,route_22_7,22,7
122,veh_122_1,route_10_19,10,19
124,veh_124_1,route_11_18,11,18
126,veh_126_1,route_12_13,12,13
127,veh_127_1,route_5_13,5,13
127,veh_127_2,route_20_14,20,14
128,veh_128_1,route_6_7,6,7
130,veh_130_1,route_4_14,4,14
131,veh_131_1,route_6_7,6,7
132,veh_132_1,route_17_1,17,1
132,veh_132_2,route_16_2,16,2
136,veh_136_1,route_11_18,11,18
136,veh_136_2,route_10_19,10,19
137,veh_137_1,route_21_8,21,8
138,veh_138_1,route_22_7,22,7
140,veh_140_1,route_20_14,20,14
140,veh_140_2,route_16_2,16,2
141,veh_141_1,route_6_7,6,7
143,veh_143_1,route_16_2,16,2
145,veh_145_1,route_15_8,15,8
149,veh_149_1,route_4_14,4,14
152,veh_152_1,route_9_2,9,2
153,veh_153_1,route_10_19,10,19
153,veh_153_2,route_11_18,11,18
154,veh_154_1,route_12_14,12,14
154,veh_154_2,route_21_8,21,8
154,veh_154_3,route_22_7,22,7
158,veh_158_1,route_20_14,20,14
163,veh_163_1,route_16_2,16,2
163,veh_163_2,route_17_1,17,1
163,veh_163_3,route_15_8,15,8
167,veh_167_1,route_5_13,5,13
167,veh_167_2,route_4_14,4,14
170,veh_170_1,route_9_2,9,2
170,veh_170_2,route_22_7,22,7
170,veh_170_3,route_21_8,21,8
171,veh_171_1,route_10_19,10,19
173,veh_173_1,route_11_18,11,18
174,veh_174_1,route_6_7,6,7
174,veh_174_2,route_5_13,5,13
177,veh_177_1,route_20_14,20,14
178,veh_178_1,route_22_7,22,7
181,veh_181_1,route_17_1,17,1
181,veh_181_2,route_16_2,16,2
185,veh_185_1,route_11_18,11,18
186,veh_186_1,route_10_19,10,19
189,veh_189_1,route_4_14,4,14
189,veh_189_2,route_21_8,21,8
191,veh_191_1,route_22_7,22,7
195,veh_195_1,route_16_2,16,2
195,veh_195_2,route_15_8,15,8
196,veh_196_1,route_17_1,17,1
198,veh_198_1,route_11_18,11,18
199,veh_199_1,route_10_19,10,19
200,veh_200_1,route_4_14,4,14
202,veh_202_1,route_5_13,5,13
202,veh_202_2,route_22_7,22,7
202,veh_202_3,route_21_8,21,8
206,veh_206_1,route_12_13,12,13
207,veh_207_1,route_6_7,6,7
208,veh_208_1,route_17_1,17,1
210,veh_210_1,route_12_13,12,13
210,veh_210_2,route_10_19,10,19
210,veh_210_3,route_11_18,11,18
211,veh_211_1,route_22_7,22,7
211,veh_211_2,route_21_8,21,8
215,veh_215_1,route_17_18,17,18
217,veh_217_1,route_6_7,6,7
219,veh_219_1,route_16_2,16,2
219,veh_219_2,route_15_8,15,8
220,veh_220_1,route_12_13,12,13
223,veh_223_1,route_22_7,22,7
223,veh_223_2,route_11_18,11,18
225,veh_225_1,route_10_19,10,19
225,veh_225_2,route_21_8,21,8
226,veh_226_1,route_11_18,11,18
227,veh_227_1,route_5_13,5,13
233,veh_233_1,route_17_1,17,1
233,veh_233_2,route_4_14,4,14
233,veh_233_3,route_16_2,16,2
241,veh_241_1,route_15_8,15,8
242,veh_242_1,route_22_7,22,7
242,veh_242_2,route_21_8,21,8
244,veh_244_1,route_12_13,12,13
246,veh_246_1,route_10_19,10,19
247,veh_247_1,route_11_18,11,18
250,veh_250_1,route_5_13,5,13
250,veh_250_2,route_4_14,4,14
250,veh_250_3,route_17_1,17,1
250,veh_250_4,route_16_2,16,2
251,veh_251_1,route_17_18,17,18
254,veh_254_1,route_15_8,15,8
256,veh_256_1,route_22_7,22,7
256,veh_256_2,route_21_8,21,8
258,veh_258_1,route_17_18,17,18
260,veh_260_1,route_12_13,12,13
260,veh_260_2,route_11_18,11,18
260,veh_260_3,route_10_19,10,19
263,veh_263_1,route_11_18,11,18
264,veh_264_1,route_6_7,6,7
264,veh_264_2,route_5_13,5,13
264,veh_264_3,route_4_14,4,14
267,veh_267_1,route_17_1,17,1
267,veh_267_2,route_16_2,16,2
268,veh_268_1,route_6_7,6,7
270,veh_270_1,route_15_8,15,8
271,veh_271_1,route_17_18,17,18
272,veh_272_1,route_21_8,21,8
273,veh_273_1,route_20_14,20,14
273,veh_273_2,route_22_7,22,7
273,veh_273_3,route_9_2,9,2
276,veh_276_1,route_12_13,12,13
279,veh_279_1,route_5_13,5,13
280,veh_280_1,route_11_18,11,18
280,veh_280_2,route_10_19,10,19
281,veh_281_1,route_12_13,12,13
283,veh_283_1,route_4_14,4,14
285,veh_285_1,route_16_2,16,2
285,veh_285_2,route_15_8,15,8
287,veh_287_1,route_12_13,12,13
289,veh_289_1,route_10_19,10,19
291,veh_291_1,route_22_7,22,7
291,veh_291_2,route_21_8,21,8
293,veh_293_1,route_9_2,9,2
297,veh_297_1,route_15_8,15,8
298,veh_298_1,route_5_13,5,13
298,veh_298_2,route_4_14,4,14
299,veh_299_1,route_6_7,6,7
304,veh_304_1,route_10_19,10,19
306,veh_306_1,route_11_18,11,18
308,veh_308_1,route_22_7,22,7
308,veh_308_2,route_21_8,21,8
309,veh_309_1,route_20_14,20,14
312,veh_312_1,route_9_1,9,1
314,veh_314_1,route_6_7,6,7
314,veh_314_2,route_5_13,5,13
314,veh_314_3,route_20_14,20,14
314,veh_314_4,route_12_13,12,13
315,veh_315_1,route_16_2,16,2
316,veh_316_1,route_17_1,17,1
316,veh_316_2,route_4_14,4,14
317,veh_317_1,route_6_7,6,7
317,veh_317_2,route_3_19,3,19
320,veh_320_1,route_15_8,15,8
321,veh_321_1,route_12_13,12,13
321,veh_321_2,route_17_18,17,18
322,veh_322_1,route_11_18,11,18
322,veh_322_2,route_10_19,10,19
323,veh_323_1,route_11_18,11,18
324,veh_324_1,route_22_7,22,7
329,veh_329_1,route_12_13,12,13
329,veh_329_2,route_21_8,21,8
331,veh_331_1,route_16_2,16,2
333,veh_333_1,route_5_13,5,13
336,veh_336_1,route_4_14,4,14
338,veh_338_1,route_3_19,3,19
344,veh_344_1,route_20_14,20,14
345,veh_345_1,route_10_19,10,19
345,veh_345_2,route_22_7,22,7
346,veh_346_1,route_11_18,11,18
347,veh_347_1,route_10_19,10,19
347,veh_347_2,route_9_19,9,19
349,veh_349_1,route_6_7,6,7
349,veh_349_2,route_5_13,5,13
349,veh_349_3,route_4_14,4,14
350,veh_350_1,route_16_2,16,2
353,veh_353_1,route_17_1,17,1
353,veh_353_2,route_15_8,15,8
353,veh_353_3,route_4_14,4,14
353,veh_353_4,route_3_18,3,18
358,veh_358_1,route_11_18,11,18
361,veh_361_1,route_10_19,10,19
361,veh_361_2,route_11_18,11,18
362,veh_362_1,route_9_2,9,2
365,veh_365_1,route_6_7,6,7
365,veh_365_2,route_22_7,22,7
365,veh_365_3,route_21_8,21,8
367,veh_367_1,route_16_2,16,2
369,veh_369_1,route_17_1,17,1
371,veh_371_1,route_4_14,4,14
372,veh_372_1,route_3_18,3,18
372,veh_372_2,route_5_13,5,13
376,veh_376_1,route_22_7,22,7
376,veh_376_2,route_21_8,21,8
378,veh_378_1,route_11_18,11,18
378,veh_378_2,route_10_19,10,19
380,veh_380_1,route_10_19,10,19
381,veh_381_1,route_5_13,5,13
382,veh_382_1,route_4_14,4,14
383,veh_383_1,route_6_7,6,7
383,veh_383_2,route_16_2,16,2
386,veh_386_1,route_17_1,17,1
387,veh_387_1,route_16_2,16,2
388,veh_388_1,route_22_7,22,7
388,veh_388_2,route_21_8,21,8
389,veh_389_1,route_15_8,15,8
390,veh_390_1,route_9_1,9,1
391,veh_391_1,route_20_14,20,14
394,veh_394_1,route_11_18,11,18
394,veh_394_2,route_10_19,10,19
396,veh_396_1,route_6_7,6,7
400,veh_400_1,route_16_2,16,2
400,veh_400_2,route_4_14,4,14
400,veh_400_3,route_3_18,3,18
400,veh_400_4,route_17_1,17,1
400,veh_400_5,route_15_8,15,8
406,veh_406_1,route_22_7,22,7
406,veh_406_2,route_21_8,21,8
408,veh_408_1,route_11_18,11,18
410,veh_410_1,route_10_19,10,19
410,veh_410_2,route_9_2,9,2
415,veh_415_1,route_17_1,17,1
416,veh_416_1,route_16_2,16,2
419,veh_419_1,route_5_13,5,13
421,veh_421_1,route_4_14,4,14
421,veh_421_2,route_6_7,6,7
422,veh_422_1,route_15_8,15,8
424,veh_424_1,route_22_1,22,1
425,veh_425_1,route_21_8,21,8
425,veh_425_2,route_11_18,11,18
426,veh_426_1,route_10_19,10,19
428,veh_428_1,route_9_1,9,1
431,veh_431_1,route_6_7,6,7
432,veh_432_1,route_3_18,3,18
433,veh_433_1,route_4_14,4,14
436,veh_436_1,route_4_14,4,14
437,veh_437_1,route_15_8,15,8
440,veh_440_1,route_16_2,16,2
440,veh_440_2,route_17_1,17,1
444,veh_444_1,route_10_19,10,19
444,veh_444_2,route_22_7,22,7
445,veh_445_1,route_21_8,21,8
446,veh_446_1,route_11_18,11,18
446,veh_446_2,route_9_1,9,1
451,veh_451_1,route_3_18,3,18
453,veh_453_1,route_15_8,15,8
456,veh_456_1,route_16_2,16,2
457,veh_457_1,route_6_7,6,7
457,veh_457_2,route_21_8,21,8
458,veh_458_1,route_11_18,11,18
461,veh_461_1,route_10_19,10,19
462,veh_462_1,route_17_1,17,1
464,veh_464_1,route_9_2,9,2
468,veh_468_1,route_22_7,22,7
471,veh_471_1,route_15_8,15,8
473,veh_473_1,route_6_7,6,7
473,veh_473_2,route_3_18,3,18
474,veh_474_1,route_4_14,4,14
474,veh_474_2,route_5_13,5,13
475,veh_475_1,route_22_1,22,1
477,veh_477_1,route_4_14,4,14
479,veh_479_1,route_22_7,22,7
479,veh_479_2,route_21_8,21,8
481,veh_481_1,route_17_1,17,1
483,veh_483_1,route_11_18,11,18
483,veh_483_2,route_10_19,10,19
484,veh_484_1,route_16_2,16,2
487,veh_487_1,route_9_1,9,1
489,veh_489_1,route_10_19,10,19
492,veh_492_1,route_3_18,3,18
492,veh_492_2,route_15_8,15,8
497,veh_497_1,route_4_14,4,14
497,veh_497_2,route_5_13,5,13
501,veh_501_1,route_22_7,22,7
501,veh_501_2,route_21_8,21,8
504,veh_504_1,route_17_1,17,1
504,veh_504_2,route_16_2,16,2
504,veh_504_3,route_11_18,11,18
505,veh_505_1,route_10_19,10,19
506,veh_506_1,route_20_14,20,14
513,veh_513_1,route_9_2,9,2
515,veh_515_1,route_15_8,15,8
515,veh_515_2,route_22_1,22,1
515,veh_515_3,route_21_8,21,8
519,veh_519_1,route_17_1,17,1
519,veh_519_2,route_22_7,22,7
521,veh_521_1,route_16_2,16,2
521,veh_521_2,route_17_18,17,18
522,veh_522_1,route_4_14,4,14
522,veh_522_2,route_5_13,5,13
527,veh_527_1,route_17_18,17,18
528,veh_528_1,route_12_13,12,13
529,veh_529_1,route_9_2,9,2
529,veh_529_2,route_11_18,11,18
529,veh_529_3,route_10_19,10,19
532,veh_532_1,route_22_7,22,7
532,veh_532_2,route_21_8,21,8
533,veh_533_1,route_5_13,5,13
538,veh_538_1,route_16_2,16,2
538,veh_538_2,route_4_14,4,14
539,veh_539_1,route_15_8,15,8
541,veh_541_1,route_3_18,3,18
541,veh_541_2,route_5_13,5,13
546,veh_546_1,route_21_8,21,8
546,veh_546_2,route_20_14,20,14
548,veh_548_1,route_22_7,22,7
552,veh_552_1,route_11_18,11,18
552,veh_552_2,route_9_2,9,2
554,veh_554_1,route_10_19,10,19
555,veh_555_1,route_4_14,4,14
557,veh_557_1,route_16_2,16,2
557,veh_557_2,route_15_8,15,8
558,veh_558_1,route_17_1,17,1
563,veh_563_1,route_11_18,11,18
563,veh_563_2,route_22_7,22,7
563,veh_563_3,route_21_8,21,8
563,veh_563_4,route_20_14,20,14
568,veh_568_1,route_4_14,4,14
568,veh_568_2,route_3_14,3,14
572,veh_572_1,route_12_13,12,13
573,veh_573_1,route_17_1,17,1
575,veh_575_1,route_16_2,16,2
576,veh_576_1,route_10_19,10,19
576,veh_576_2,route_12_13,12,13
579,veh_579_1,route_11_18,11,18
579,veh_579_2,route_22_7,22,7
579,veh_579_3,route_21_8,21,8
583,veh_583_1,route_15_8,15,8
585,veh_585_1,route_17_18,17,18
585,veh_585_2,route_16_2,16,2
585,veh_585_3,route_4_14,4,14
585,veh_585_4,route_5_13,5,13
590,veh_590_1,route_4_14,4,14
592,veh_592_1,route_11_18,11,18
592,veh_592_2,route_10_19,10,19
593,veh_593_1,route_21_8,21,8
594,veh_594_1,route_22_7,22,7
595,veh_595_1,route_12_13,12,13
598,veh_598_1,route_16_2,16,2
599,veh_599_1,route_17_1,17,1
599,veh_599_2,route_4_14,4,14
599,veh_599_3,route_15_8,15,8
599,veh_599_4,route_6_7,6,7
606,veh_606_1,route_20_14,20,14
608,veh_608_1,route_21_8,21,8
608,veh_608_2,route_22_7,22,7
609,veh_609_1,route_10_19,10,19
612,veh_612_1,route_6_7,6,7
616,veh_616_1,route_17_1,17,1
616,veh_616_2,route_16_2,16,2
616,veh_616_3,route_15_8,15,8
619,veh_619_1,route_5_13,5,13
620,veh_620_1,route_4_14,4,14
621,veh_621_1,route_3_19,3,19
623,veh_623_1,route_22_7,22,7
624,veh_624_1,route_21_8,21,8
628,veh_628_1,route_11_18,11,18
628,veh_628_2,route_10_19,10,19
632,veh_632_1,route_22_7,22,7
634,veh_634_1,route_15_8,15,8
638,veh_638_1,route_17_1,17,1
638,veh_638_2,route_16_2,16,2
638,veh_638_3,route_5_13,5,13
638,veh_638_4,route_4_14,4,14
641,veh_641_1,route_3_18,3,18
641,veh_641_2,route_6_7,6,7
644,veh_644_1,route_22_1,22,1
644,veh_644_2,route_21_8,21,8
644,veh_644_3,route_20_14,20,14
645,veh_645_1,route_10_19,10,19
645,veh_645_2,route_6_7,6,7
647,veh_647_1,route_11_18,11,18
647,veh_647_2,route_9_2,9,2
649,veh_649_1,route_6_7,6,7
654,veh_654_1,route_17_1,17,1
654,veh_654_2,route_16_2,16,2
654,veh_654_3,route_15_8,15,8
658,veh_658_1,route_4_14,4,14
659,veh_659_1,route_3_19,3,19
662,veh_662_1,route_22_7,22,7
662,veh_662_2,route_21_8,21,8
662,veh_662_3,route_20_14,20,14
667,veh_667_1,route_10_19,10,19
668,veh_668_1,route_11_18,11,18
674,veh_674_1,route_16_2,16,2
675,veh_675_1,route_15_8,15,8
676,veh_676_1,route_17_1,17,1
678,veh_678_1,route_5_13,5,13
678,veh_678_2,route_4_14,4,14
678,veh_678_3,route_3_19,3,19
682,veh_682_1,route_22_7,22,7
682,veh_682_2,route_21_8,21,8
682,veh_682_3,route_20_14,20,14
685,veh_685_1,route_10_19,10,19
687,veh_687_1,route_11_18,11,18
687,veh_687_2,route_10_19,10,19
693,veh_693_1,route_16_2,16,2
693,veh_693_2,route_15_8,15,8
694,veh_694_1,route_4_14,4,14
695,veh_695_1,route_17_1,17,1
698,veh_698_1,route_5_13,5,13
698,veh_698_2,route_3_18,3,18
701,veh_701_1,route_22_1,22,1
701,veh_701_2,route_21_8,21,8
704,veh_704_1,route_20_14,20,14
705,veh_705_1,route_10_19,10,19
706,veh_706_1,route_12_13,12,13
706,veh_706_2,route_11_18,11,18
708,veh_708_1,route_4_14,4,14
709,veh_709_1,route_5_13,5,13
711,veh_711_1,route_17_1,17,1
711,veh_711_2,route_16_2,16,2
711,veh_711_3,route_15_8,15,8
716,veh_716_1,route_20_14,20,14
717,veh_717_1,route_22_7,22,7
719,veh_719_1,route_21_8,21,8
721,veh_721_1,route_10_19,10,19
722,veh_722_1,route_11_18,11,18
725,veh_725_1,route_5_13,5,13
728,veh_728_1,route_17_1,17,1
728,veh_728_2,route_16_2,16,2
728,veh_728_3,route_15_8,15,8
734,veh_734_1,route_20_14,20,14
741,veh_741_1,route_9_19,9,19
744,veh_744_1,route_3_18,3,18
746,veh_746_1,route_11_18,11,18
746,veh_746_2,route_10_19,10,19
746,veh_746_3,route_6_7,6,7
749,veh_749_1,route_21_8,21,8
749,veh_749_2,route_22_7,22,7
754,veh_754_1,route_10_19,10,19
755,veh_755_1,route_6_7,6,7
758,veh_758_1,route_4_14,4,14
759,veh_759_1,route_17_1,17,1
761,veh_761_1,route_16_2,16,2
762,veh_762_1,route_3_18,3,18
762,veh_762_2,route_15_8,15,8
765,veh_765_1,route_22_7,22,7
766,veh_766_1,route_21_8,21,8
767,veh_767_1,route_11_18,11,18
767,veh_767_2,route_10_19,10,19
770,veh_770_1,route_20_14,20,14
775,veh_775_1,route_17_1,17,1
775,veh_775_2,route_16_2,16,2
776,veh_776_1,route_4_14,4,14
777,veh_777_1,route_5_13,5,13
781,veh_781_1,route_15_8,15,8
785,veh_785_1,route_11_18,11,18
788,veh_788_1,route_10_19,10,19
790,veh_790_1,route_21_8,21,8
791,veh_791_1,route_22_7,22,7
792,veh_792_1,route_9_18,9,18
793,veh_793_1,route_20_14,20,14
795,veh_795_1,route_17_1,17,1
797,veh_797_1,route_4_14,4,14
797,veh_797_2,route_5_13,5,13
799,veh_799_1,route_6_7,6,7
799,veh_799_2,route_16_2,16,2
801,veh_801_1,route_15_8,15,8
803,veh_803_1,route_11_18,11,18
803,veh_803_2,route_12_13,12,13
804,veh_804_1,route_22_7,22,7
804,veh_804_2,route_21_8,21,8
804,veh_804_3,route_10_19,10,19
806,veh_806_1,route_22_1,22,1
811,veh_811_1,route_4_14,4,14
811,veh_811_2,route_5_13,5,13
813,veh_813_1,route_17_1,17,1
814,veh_814_1,route_15_8,15,8
815,veh_815_1,route_16_2,16,2
816,veh_816_1,route_11_18,11,18
816,veh_816_2,route_10_19,10,19
819,veh_819_1,route_6_7,6,7
819,veh_819_2,route_22_7,22,7
820,veh_820_1,route_21_8,21,8
823,veh_823_1,route_16_2,16,2
824,veh_824_1,route_4_14,4,14
824,veh_824_2,route_17_1,17,1
825,veh_825_1,route_15_8,15,8
830,veh_830_1,route_22_1,22,1
830,veh_830_2,route_21_8,21,8
831,veh_831_1,route_11_18,11,18
831,veh_831_2,route_10_19,10,19
834,veh_834_1,route_9_2,9,2
836,veh_836_1,route_16_2,16,2
836,veh_836_2,route_17_1,17,1
838,veh_838_1,route_5_13,5,13
838,veh_838_2,route_4_14,4,14
841,veh_841_1,route_3_18,3,18
842,veh_842_1,route_12_13,12,13
843,veh_843_1,route_22_7,22,7
843,veh_843_2,route_21_8,21,8
844,veh_844_1,route_11_18,11,18
844,veh_844_2,route_10_19,10,19
851,veh_851_1,route_16_2,16,2
851,veh_851_2,route_17_1,17,1
853,veh_853_1,route_15_8,15,8
857,veh_857_1,route_4_14,4,14
857,veh_857_2,route_5_13,5,13
860,veh_860_1,route_9_2,9,2
861,veh_861_1,route_10_19,10,19
861,veh_861_2,route_11_18,11,18
863,veh_863_1,route_22_7,22,7
863,veh_863_2,route_21_8,21,8
868,veh_868_1,route_17_1,17,1
868,veh_868_2,route_16_2,16,2
868,veh_868_3,route_15_8,15,8
870,veh_870_1,route_4_14,4,14
870,veh_870_2,route_12_13,12,13
873,veh_873_1,route_5_13,5,13
875,veh_875_1,route_22_7,22,7
876,veh_876_1,route_21_8,21,8
877,veh_877_1,route_22_7,22,7
878,veh_878_1,route_12_13,12,13
880,veh_880_1,route_11_18,11,18
880,veh_880_2,route_10_19,10,19
883,veh_883_1,route_11_18,11,18
885,veh_885_1,route_4_14,4,14
886,veh_886_1,route_5_13,5,13
888,veh_888_1,route_16_2,16,2
888,veh_888_2,route_3_18,3,18
889,veh_889_1,route_17_18,17,18
890,veh_890_1,route_15_8,15,8
894,veh_894_1,route_11_18,11,18
894,veh_894_2,route_22_1,22,1
894,veh_894_3,route_21_8,21,8
895,veh_895_1,route_10_19,10,19
896,veh_896_1,route_5_13,5,13
897,veh_897_1,route_3_18,3,18
898,veh_898_1,route_22_1,22,1
901,veh_901_1,route_4_14,4,14
901,veh_901_2,route_6_7,6,7
903,veh_903_1,route_6_7,6,7
905,veh_905_1,route_16_2,16,2
905,veh_905_2,route_17_1,17,1
907,veh_907_1,route_10_19,10,19
907,veh_907_2,route_11_18,11,18
911,veh_911_1,route_21_8,21,8
911,veh_911_2,route_22_7,22,7
912,veh_912_1,route_12_13,12,13
914,veh_914_1,route_3_18,3,18
916,veh_916_1,route_17_18,17,18
920,veh_920_1,route_16_2,16,2
921,veh_921_1,route_17_1,17,1
923,veh_923_1,route_4_14,4,14
924,veh_924_1,route_12_13,12,13
924,veh_924_2,route_10_19,10,19
924,veh_924_3,route_11_18,11,18
926,veh_926_1,route_22_7,22,7
927,veh_927_1,route_21_8,21,8
929,veh_929_1,route_11_18,11,18
929,veh_929_2,route_12_13,12,13
932,veh_932_1,route_4_14,4,14
933,veh_933_1,route_17_1,17,1
933,veh_933_2,route_3_18,3,18
935,veh_935_1,route_16_2,16,2
935,veh_935_2,route_15_8,15,8
936,veh_936_1,route_16_2,16,2
940,veh_940_1,route_22_7,22,7
940,veh_940_2,route_21_8,21,8
944,veh_944_1,route_20_14,20,14
946,veh_946_1,route_12_13,12,13
948,veh_948_1,route_11_18,11,18
949,veh_949_1,route_10_19,10,19
949,veh_949_2,route_4_14,4,14
952,veh_952_1,route_4_14,4,14
952,veh_952_2,route_6_7,6,7
954,veh_954_1,route_17_1,17,1
954,veh_954_2,route_12_13,12,13
956,veh_956_1,route_16_2,16,2
956,veh_956_2,route_17_1,17,1
957,veh_957_1,route_17_1,17,1
957,veh_957_2,route_22_7,22,7
961,veh_961_1,route_21_8,21,8
962,veh_962_1,route_11_18,11,18
962,veh_962_2,route_10_19,10,19
966,veh_966_1,route_10_19,10,19
968,veh_967_1,route_11_18,11,18
967,veh_968_1,route_3_18,3,18
971,veh_971_1,route_15_8,15,8
972,veh_972_1,route_4_14,4,14
974,veh_974_1,route_5_13,5,13
974,veh_974_2,route_3_18,3,18
975,veh_975_1,route_16_2,16,2
975,veh_975_2,route_17_1,17,1
977,veh_977_1,route_17_18,17,18
982,veh_982_1,route_10_19,10,19
982,veh_982_2,route_22_7,22,7
982,veh_982_3,route_21_8,21,8
983,veh_983_1,route_20_14,20,14
985,veh_985_1,route_6_7,6,7
987,veh_987_1,route_20_14,20,14
988,veh_988_1,route_12_13,12,13
988,veh_988_2,route_11_18,11,18
989,veh_989_1,route_21_8,21,8
990,veh_990_1,route_20_14,20,14
990,veh_990_2,route_22_7,22,7
990,veh_990_3,route_4_14,4,14
993,veh_993_1,route_17_1,17,1
993,veh_993_2,route_16_2,16,2
993,veh_993_3,route_5_13,5,13
993,veh_993_4,route_3_18,3,18
994,veh_994_1,route_15_8,15,8
995,veh_995_1,route_6_7,6,7
999,veh_999_1,route_12_13,12,13
1001,veh_1001_1,route_22_7,22,7
1001,veh_1001_2,route_21_8,21,8
1002,veh_1002_1,route_11_18,11,18
1002,veh_1002_2,route_10_19,10,19
1007,veh_1007_1,route_9_2,9,2
1007,veh_1007_2,route_20_14,20,14
1009,veh_1009_1,route_20_14,20,14
1012,veh_1012_1,route_15_8,15,8
1012,veh_1012_2,route_16_2,16,2
1012,veh_1012_3,route_3_18,3,18
1012,veh_1012_4,route_17_1,17,1
1017,veh_1017_1,route_10_19,10,19
1019,veh_1019_1,route_11_18,11,18
1022,veh_1022_1,route_22_7,22,7
1022,veh_1022_2,route_21_8,21,8
1024,veh_1024_1,route_17_1,17,1
1024,veh_1024_2,route_16_2,16,2
1024,veh_1024_3,route_3_18,3,18
1025,veh_1025_1,route_4_14,4,14
1026,veh_1026_1,route_15_8,15,8
1026,veh_1026_2,route_6_7,6,7
1029,veh_1029_1,route_22_7,22,7
1032,veh_1032_1,route_21_8,21,8
1032,veh_1032_2,route_11_18,11,18
1032,veh_1032_3,route_10_19,10,19
1034,veh_1034_1,route_9_2,9,2
1038,veh_1038_1,route_17_1,17,1
1038,veh_1038_2,route_16_2,16,2
1041,veh_1041_1,route_3_18,3,18
1044,veh_1044_1,route_11_18,11,18
1044,veh_1044_2,route_22_7,22,7
1044,veh_1044_3,route_21_8,21,8
1046,veh_1046_1,route_10_19,10,19
1050,veh_1050_1,route_17_18,17,18
1050,veh_1050_2,route_20_14,20,14
1052,veh_1052_1,route_17_1,17,1
1053,veh_1053_1,route_4_14,4,14
1053,veh_1053_2,route_6_7,6,7
1057,veh_1057_1,route_17_18,17,18
1057,veh_1057_2,route_21_8,21,8
1058,veh_1058_1,route_11_18,11,18
1058,veh_1058_2,route_10_19,10,19
1058,veh_1058_3,route_22_7,22,7
1061,veh_1061_1,route_20_14,20,14
1063,veh_1063_1,route_11_18,11,18
1066,veh_1066_1,route_16_2,16,2
1066,veh_1066_2,route_4_14,4,14
1071,veh_1071_1,route_12_13,12,13
1071,veh_1071_2,route_10_19,10,19
1072,veh_1072_1,route_6_7,6,7
1073,veh_1073_1,route_22_7,22,7
1073,veh_1073_2,route_21_8,21,8
1073,veh_1073_3,route_20_14,20,14
1075,veh_1075_1,route_17_18,17,18
1079,veh_1079_1,route_17_1,17,1
1081,veh_1081_1,route_5_13,5,13
1081,veh_1081_2,route_16_2,16,2
1082,veh_1082_1,route_4_14,4,14
1084,veh_1084_1,route_4_14,4,14
1085,veh_1085_1,route_12_13,12,13
1086,veh_1086_1,route_22_7,22,7
1086,veh_1086_2,route_21_8,21,8
1088,veh_1088_1,route_20_14,20,14
1089,veh_1089_1,route_11_18,11,18
1089,veh_1089_2,route_10_19,10,19
1092,veh_1092_1,route_16_2,16,2
1097,veh_1097_1,route_4_14,4,14
1097,veh_1097_2,route_5_13,5,13
1099,veh_1099_1,route_3_18,3,18
1099,veh_1099_2,route_17_1,17,1
1101,veh_1101_1,route_16_2,16,2
1106,veh_1106_1,route_22_7,22,7
1106,veh_1106_2,route_21_8,21,8
1106,veh_1106_3,route_20_14,20,14
1108,veh_1108_1,route_11_18,11,18
1108,veh_1108_2,route_10_19,10,19
1111,veh_1111_1,route_4_14,4,14
1112,veh_1112_1,route_3_18,3,18
1112,veh_1112_2,route_11_18,11,18
1115,veh_1115_1,route_9_2,9,2
1117,veh_1117_1,route_17_1,17,1
1117,veh_1117_2,route_16_2,16,2
1117,veh_1117_3,route_5_13,5,13
1124,veh_1124_1,route_22_7,22,7
1124,veh_1124_2,route_21_8,21,8
1124,veh_1124_3,route_20_14,20,14
1124,veh_1124_4,route_10_19,10,19
1125,veh_1125_1,route_11_18,11,18
1130,veh_1130_1,route_9_2,9,2
1132,veh_1132_1,route_5_13,5,13
1133,veh_1133_1,route_16_2,16,2
1134,veh_1134_1,route_4_14,4,14
1135,veh_1135_1,route_17_1,17,1
1138,veh_1138_1,route_15_8,15,8
1141,veh_1141_1,route_11_18,11,18
1141,veh_1141_2,route_10_19,10,19
1141,veh_1141_3,route_22_7,22,7
1141,veh_1141_4,route_21_8,21,8
1142,veh_1142_1,route_20_14,20,14
1147,veh_1147_1,route_17_1,17,1
1147,veh_1147_2,route_16_2,16,2
1148,veh_1148_1,route_5_13,5,13
1150,veh_1150_1,route_4_14,4,14
1150,veh_1150_2,route_3_18,3,18
1152,veh_1152_1,route_15_8,15,8
1154,veh_1154_1,route_12_13,12,13
1154,veh_1154_2,route_22_7,22,7
1157,veh_1157_1,route_10_19,10,19
1157,veh_1157_2,route_21_8,21,8
1159,veh_1159_1,route_11_18,11,18
1160,veh_1160_1,route_9_1,9,1
1163,veh_1163_1,route_4_14,4,14
1163,veh_1163_2,route_5_13,5,13
1164,veh_1164_1,route_17_1,17,1
1165,veh_1165_1,route_16_2,16,2
1169,veh_1169_1,route_17_18,17,18
1170,veh_1170_1,route_10_19,10,19
1172,veh_1172_1,route_11_18,11,18
1173,veh_1173_1,route_22_7,22,7
1173,veh_1173_2,route_21_8,21,8
1175,veh_1175_1,route_17_18,17,18
1179,veh_1179_1,route_16_2,16,2
1179,veh_1179_2,route_5_13,5,13
1183,veh_1183_1,route_12_13,12,13
1184,veh_1184_1,route_21_8,21,8
1184,veh_1184_2,route_22_7,22,7
1187,veh_1187_1,route_20_14,20,14
1189,veh_1189_1,route_11_18,11,18
1189,veh_1189_2,route_10_19,10,19
1191,veh_1191_1,route_4_14,4,14
1191,veh_1191_2,route_6_7,6,7
1193,veh_1193_1,route_17_1,17,1
1195,veh_1195_1,route_6_7,6,7
1196,veh_1196_1,route_17_1,17,1
1196,veh_1196_2,route_16_2,16,2
1199,veh_1199_1,route_22_7,22,7
1199,veh_1199_2,route_21_8,21,8
1199,veh_1199_3,route_20_14,20,14
1204,veh_1204_1,route_11_18,11,18
1206,veh_1206_1,route_10_19,10,19
1208,veh_1208_1,route_17_1,17,1
1208,veh_1208_2,route_9_1,9,1
1208,veh_1208_3,route_4_14,4,14
1211,veh_1211_1,route_16_2,16,2
1213,veh_1213_1,route_17_18,17,18
1214,veh_1214_1,route_15_8,15,8
1215,veh_1215_1,route_22_7,22,7
1215,veh_1215_2,route_21_8,21,8
1215,veh_1215_3,route_20_14,20,14
1220,veh_1220_1,route_11_18,11,18
1222,veh_1222_1,route_12_13,12,13
1222,veh_1222_2,route_10_19,10,19
1224,veh_1224_1,route_11_18,11,18
1225,veh_1225_1,route_10_19,10,19
1226,veh_1226_1,route_16_2,16,2
1226,veh_1226_2,route_4_14,4,14
1227,veh_1227_1,route_17_1,17,1
1231,veh_1231_1,route_6_7,6,7
1232,veh_1232_1,route_22_7,22,7
1232,veh_1232_2,route_11_18,11,18
1232,veh_1232_3,route_21_8,21,8
1235,veh_1235_1,route_10_19,10,19
1237,veh_1237_1,route_11_18,11,18
1239,veh_1239_1,route_4_14,4,14
1239,veh_1239_2,route_20_14,20,14
1245,veh_1245_1,route_17_1,17,1
1246,veh_1246_1,route_16_2,16,2
1247,veh_1247_1,route_15_8,15,8
1248,veh_1248_1,route_11_18,11,18
1248,veh_1248_2,route_10_19,10,19
1251,veh_1251_1,route_22_7,22,7
1252,veh_1252_1,route_12_13,12,13
1252,veh_1252_2,route_21_8,21,8
1255,veh_1255_1,route_4_14,4,14
1258,veh_1258_1,route_16_2,16,2
1261,veh_1261_1,route_15_8,15,8
1277,veh_1277_1,route_10_19,10,19
1277,veh_1277_2,route_6_7,6,7
1277,veh_1277_3,route_20_14,20,14
1282,veh_1282_1,route_16_2,16,2
1284,veh_1284_1,route_11_18,11,18
1286,veh_1286_1,route_4_14,4,14
1287,veh_1287_1,route_6_7,6,7
1288,veh_1288_1,route_17_1,17,1
1290,veh_1290_1,route_16_2,16,2
1290,veh_1290_2,route_15_8,15,8
1292,veh_1292_1,route_17_18,17,18
1293,veh_1293_1,route_22_7,22,7
1293,veh_1293_2,route_21_8,21,8
1297,veh_1297_1,route_20_14,20,14
1298,veh_1298_1,route_11_18,11,18
1298,veh_1298_2,route_10_19,10,19
1300,veh_1300_1,route_9_2,9,2
1301,veh_1301_1,route_5_13,5,13
1304,veh_1304_1,route_3_18,3,18
1305,veh_1305_1,route_4_14,4,14
1309,veh_1309_1,route_15_8,15,8
1310,veh_1310_1,route_16_2,16,2
1312,veh_1312_1,route_21_8,21,8
1313,veh_1313_1,route_20_14,20,14
1314,veh_1314_1,route_22_7,22,7
1316,veh_1316_1,route_11_18,11,18
1316,veh_1316_2,route_10_19,10,19
1318,veh_1318_1,route_4_14,4,14
1319,veh_1319_1,route_3_18,3,18
1322,veh_1322_1,route_5_13,5,13
1326,veh_1326_1,route_17_1,17,1
1326,veh_1326_2,route_16_2,16,2
1326,veh_1326_3,route_15_8,15,8
1330,veh_1330_1,route_20_14,20,14
1330,veh_1330_2,route_22_7,22,7
1330,veh_1330_3,route_21_8,21,8
1332,veh_1332_1,route_11_18,11,18
1332,veh_1332_2,route_10_19,10,19
1335,veh_1335_1,route_4_14,4,14
1335,veh_1335_2,route_5_13,5,13
1337,veh_1337_1,route_3_18,3,18
1341,veh_1341_1,route_15_8,15,8
1343,veh_1343_1,route_17_1,17,1
1343,veh_1343_2,route_16_2,16,2
1346,veh_1346_1,route_12_13,12,13
1346,veh_1346_2,route_11_18,11,18
1346,veh_1346_3,route_10_19,10,19
1347,veh_1347_1,route_21_8,21,8
1349,veh_1349_1,route_22_7,22,7
1353,veh_1353_1,route_16_2,16,2
1353,veh_1353_2,route_17_1,17,1
1353,veh_1353_3,route_15_8,15,8
1354,veh_1354_1,route_6_7,6,7
1355,veh_1355_1,route_5_13,5,13
1355,veh_1355_2,route_3_18,3,18
1360,veh_1360_1,route_22_7,22,7
1360,veh_1360_2,route_21_8,21,8
1362,veh_1362_1,route_20_14,20,14
1363,veh_1363_1,route_10_19,10,19
1365,veh_1365_1,route_11_18,11,18
1368,veh_1368_1,route_22_1,22,1
1371,veh_1371_1,route_17_1,17,1
1371,veh_1371_2,route_16_2,16,2
1372,veh_1372_1,route_12_13,12,13
1373,veh_1373_1,route_6_7,6,7
1373,veh_1373_2,route_4_14,4,14
1374,veh_1374_1,route_3_18,3,18
1377,veh_1377_1,route_10_19,10,19
1377,veh_1377_2,route_15_8,15,8
1377,veh_1377_3,route_22_7,22,7
1381,veh_1381_1,route_11_18,11,18
1382,veh_1382_1,route_21_8,21,8
1384,veh_1384_1,route_6_7,6,7
1385,veh_1385_1,route_4_14,4,14
1385,veh_1385_2,route_3_18,3,18
1386,veh_1386_1,route_17_1,17,1
1386,veh_1386_2,route_16_2,16,2
1393,veh_1393_1,route_10_19,10,19
1393,veh_1393_2,route_11_18,11,18
1396,veh_1396_1,route_21_8,21,8
1396,veh_1396_2,route_22_7,22,7
1399,veh_1399_1,route_17_2,17,2
1399,veh_1399_2,route_16_1,16,1
1400,veh_1400_1,route_3_18,3,18
1402,veh_1402_1,route_4_14,4,14
1405,veh_1405_1,route_9_2,9,2
1407,veh_1407_1,route_22_7,22,7
1407,veh_1407_2,route_21_8,21,8
1408,veh_1408_1,route_11_18,11,18
1408,veh_1408_2,route_10_19,10,19
1414,veh_1414_1,route_17_18,17,18
1414,veh_1414_2,route_16_2,16,2
1415,veh_1415_1,route_6_7,6,7
1416,veh_1416_1,route_4_14,4,14
1417,veh_1417_1,route_17_18,17,18
1421,veh_1421_1,route_10_19,10,19
1422,veh_1422_1,route_9_2,9,2
1422,veh_1422_2,route_11_18,11,18
1424,veh_1424_1,route_22_7,22,7
1424,veh_1424_2,route_21_8,21,8
1428,veh_1428_1,route_17_18,17,18
1429,veh_1429_1,route_16_2,16,2
1429,veh_1429_2,route_4_14,4,14
1434,veh_1434_1,route_9_2,9,2
1435,veh_1435_1,route_10_19,10,19
1435,veh_1435_2,route_11_18,11,18
1435,veh_1435_3,route_22_7,22,7
1436,veh_1436_1,route_21_8,21,8
1441,veh_1441_1,route_4_14,4,14
1441,veh_1441_2,route_5_13,5,13
1441,veh_1441_3,route_17_1,17,1
1441,veh_1441_4,route_16_2,16,2
1444,veh_1444_1,route_17_18,17,18
1445,veh_1445_1,route_22_7,22,7
1445,veh_1445_2,route_21_8,21,8
1446,veh_1446_1,route_11_18,11,18
1448,veh_1448_1,route_10_19,10,19
1451,veh_1451_1,route_22_1,22,1
1452,veh_1452_1,route_10_19,10,19
1457,veh_1457_1,route_16_2,16,2
1457,veh_1457_2,route_17_1,17,1
1459,veh_1459_1,route_4_14,4,14
1459,veh_1459_2,route_6_7,6,7
1461,veh_1461_1,route_12_13,12,13
1467,veh_1467_1,route_11_18,11,18
1470,veh_1470_1,route_10_19,10,19
1474,veh_1474_1,route_15_8,15,8
1475,veh_1475_1,route_4_14,4,14
1476,veh_1476_1,route_16_2,16,2
1477,veh_1477_1,route_17_1,17,1
1484,veh_1484_1,route_21_8,21,8
1484,veh_1484_2,route_22_7,22,7
1485,veh_1485_1,route_20_14,20,14
1486,veh_1486_1,route_11_18,11,18
1486,veh_1486_2,route_10_19,10,19
1489,veh_1489_1,route_4_14,4,14
1491,veh_1491_1,route_17_1,17,1
1491,veh_1491_2,route_16_2,16,2
1495,veh_1495_1,route_15_8,15,8
1496,veh_1496_1,route_20_14,20,14
1497,veh_1497_1,route_21_8,21,8
1498,veh_1498_1,route_22_7,22,7
1499,veh_1499_1,route_11_18,11,18
1499,veh_1499_2,route_10_19,10,19
1503,veh_1503_1,route_12_13,12,13
1504,veh_1504_1,route_3_18,3,18
1504,veh_1504_2,route_4_14,4,14
1508,veh_1508_1,route_15_8,15,8
1513,veh_1513_1,route_22_7,22,7
1514,veh_1514_1,route_11_18,11,18
1515,veh_1515_1,route_21_8,21,8
1516,veh_1516_1,route_10_19,10,19
1517,veh_1517_1,route_6_7,6,7
1518,veh_1518_1,route_9_2,9,2
1522,veh_1522_1,route_15_8,15,8
1524,veh_1524_1,route_20_14,20,14
1526,veh_1526_1,route_3_18,3,18
1527,veh_1527_1,route_4_14,4,14
1528,veh_1528_1,route_16_2,16,2
1531,veh_1531_1,route_17_1,17,1
1534,veh_1534_1,route_21_8,21,8
1535,veh_1535_1,route_22_7,22,7
1537,veh_1537_1,route_10_19,10,19
1538,veh_1538_1,route_11_18,11,18
1545,veh_1545_1,route_16_2,16,2
1545,veh_1545_2,route_15_8,15,8
1546,veh_1546_1,route_17_1,17,1
1548,veh_1548_1,route_3_18,3,18
1549,veh_1549_1,route_4_14,4,14
1550,veh_1550_1,route_6_7,6,7
1551,veh_1551_1,route_5_13,5,13
1552,veh_1552_1,route_9_1,9,1
1556,veh_1556_1,route_20_14,20,14
1557,veh_1557_1,route_22_7,22,7
1558,veh_1558_1,route_10_19,10,19
1558,veh_1558_2,route_11_18,11,18
1559,veh_1559_1,route_21_8,21,8
1564,veh_1564_1,route_16_2,16,2
1564,veh_1564_2,route_17_1,17,1
1564,veh_1564_3,route_15_8,15,8
1567,veh_1567_1,route_3_18,3,18
1568,veh_1568_1,route_4_14,4,14
1574,veh_1574_1,route_15_8,15,8
1579,veh_1579_1,route_22_7,22,7
1580,veh_1580_1,route_11_18,11,18
1581,veh_1581_1,route_21_8,21,8
1581,veh_1581_2,route_22_7,22,7
1583,veh_1583_1,route_10_19,10,19
1585,veh_1585_1,route_3_18,3,18
1585,veh_1585_2,route_4_14,4,14
1585,veh_1585_3,route_5_13,5,13
1585,veh_1585_4,route_20_14,20,14
1589,veh_1589_1,route_16_2,16,2
1592,veh_1592_1,route_15_8,15,8
1598,veh_1598_1,route_10_19,10,19
1598,veh_1598_2,route_11_18,11,18
1600,veh_1600_1,route_9_2,9,2
1601,veh_1601_1,route_20_14,20,14
1602,veh_1602_1,route_5_13,5,13
1606,veh_1606_1,route_22_7,22,7
1606,veh_1606_2,route_21_8,21,8
1611,veh_1611_1,route_3_18,3,18
1612,veh_1612_1,route_16_2,16,2
1612,veh_1612_2,route_6_7,6,7
1612,veh_1612_3,route_4_14,4,14
1614,veh_1614_1,route_17_1,17,1
1616,veh_1616_1,route_15_8,15,8
1618,veh_1618_1,route_11_14,11,14
1619,veh_1619_1,route_10_19,10,19
1619,veh_1619_2,route_21_8,21,8
1621,veh_1621_1,route_12_13,12,13
1621,veh_1621_2,route_22_7,22,7
1624,veh_1624_1,route_17_18,17,18
1624,veh_1624_2,route_6_7,6,7
1625,veh_1625_1,route_4_14,4,14
1625,veh_1625_2,route_20_14,20,14
1625,veh_1625_3,route_17_1,17,1
1627,veh_1627_1,route_5_13,5,13
1630,veh_1630_1,route_16_2,16,2
1633,veh_1633_1,route_15_8,15,8
1634,veh_1634_1,route_16_2,16,2
1634,veh_1634_2,route_4_14,4,14
1637,veh_1637_1,route_11_18,11,18
1637,veh_1637_2,route_22_7,22,7
1637,veh_1637_3,route_21_8,21,8
1640,veh_1640_1,route_10_19,10,19
1640,veh_1640_2,route_12_13,12,13
1642,veh_1642_1,route_22_1,22,1
1644,veh_1644_1,route_20_14,20,14
1648,veh_1648_1,route_17_1,17,1
1648,veh_1648_2,route_15_8,15,8
1649,veh_1649_1,route_16_2,16,2
1650,veh_1650_1,route_12_13,12,13
1650,veh_1650_2,route_4_14,4,14
1655,veh_1655_1,route_11_18,11,18
1657,veh_1657_1,route_10_19,10,19
1657,veh_1657_2,route_12_14,12,14
1662,veh_1662_1,route_20_14,20,14
1662,veh_1662_2,route_22_7,22,7
1665,veh_1665_1,route_21_8,21,8
1667,veh_1667_1,route_12_13,12,13
1667,veh_1667_2,route_17_1,17,1
1667,veh_1667_3,route_16_2,16,2
1668,veh_1668_1,route_4_14,4,14
1671,veh_1671_1,route_15_8,15,8
1672,veh_1672_1,route_3_18,3,18
1679,veh_1679_1,route_11_18,11,18
1679,veh_1679_2,route_10_19,10,19
1679,veh_1679_3,route_21_8,21,8
1682,veh_1682_1,route_12_13,12,13
1682,veh_1682_2,route_22_7,22,7
1684,veh_1684_1,route_6_7,6,7
1684,veh_1684_2,route_20_14,20,14
1686,veh_1686_1,route_17_18,17,18
1686,veh_1686_2,route_4_14,4,14
1686,veh_1686_3,route_3_18,3,18
1690,veh_1690_1,route_17_1,17,1
1690,veh_1690_2,route_16_2,16,2
1691,veh_1691_1,route_12_13,12,13
1695,veh_1695_1,route_11_18,11,18
1695,veh_1695_2,route_10_19,10,19
1697,veh_1697_1,route_22_7,22,7
1697,veh_1697_2,route_20_14,20,14
1699,veh_1699_1,route_21_8,21,8
1700,veh_1700_1,route_17_18,17,18
1703,veh_1703_1,route_16_2,16,2
1704,veh_1704_1,route_17_18,17,18
1704,veh_1704_2,route_6_7,6,7
1704,veh_1704_3,route_4_14,4,14
1708,veh_1708_1,route_15_8,15,8
1709,veh_1709_1,route_16_2,16,2
1711,veh_1711_1,route_17_1,17,1
1711,veh_1711_2,route_11_18,11,18
1711,veh_1711_3,route_10_19,10,19
1713,veh_1713_1,route_22_7,22,7
1713,veh_1713_2,route_21_8,21,8
1717,veh_1717_1,route_20_14,20,14
1719,veh_1719_1,route_17_1,17,1
1721,veh_1721_1,route_16_2,16,2
1724,veh_1724_1,route_15_8,15,8
1724,veh_1724_2,route_6_7,6,7
1726,veh_1726_1,route_21_8,21,8
1727,veh_1727_1,route_11_18,11,18
1729,veh_1729_1,route_4_14,4,14
1729,veh_1729_2,route_20_14,20,14
1731,veh_1731_1,route_5_13,5,13
1731,veh_1731_2,route_3_18,3,18
1737,veh_1737_1,route_16_2,16,2
1737,veh_1737_2,route_15_8,15,8
1738,veh_1738_1,route_17_1,17,1
1739,veh_1739_1,route_11_18,11,18
1739,veh_1739_2,route_10_19,10,19
1743,veh_1743_1,route_20_14,20,14
1743,veh_1743_2,route_22_7,22,7
1744,veh_1744_1,route_21_8,21,8
1747,veh_1747_1,route_20_14,20,14
1750,veh_1750_1,route_3_18,3,18
1751,veh_1751_1,route_4_14,4,14
1753,veh_1753_1,route_15_8,15,8
1756,veh_1756_1,route_16_2,16,2
1756,veh_1756_2,route_17_1,17,1
1758,veh_1758_1,route_11_18,11,18
1758,veh_1758_2,route_10_19,10,19
1758,veh_1758_3,route_9_19,9,19
1760,veh_1760_1,route_21_8,21,8
1760,veh_1760_2,route_22_7,22,7
1766,veh_1766_1,route_3_18,3,18
1766,veh_1766_2,route_5_13,5,13
1766,veh_1766_3,route_20_14,20,14
1767,veh_1767_1,route_4_14,4,14
1769,veh_1769_1,route_16_2,16,2
1771,veh_1771_1,route_15_8,15,8
1772,veh_1772_1,route_17_18,17,18
1775,veh_1775_1,route_21_8,21,8
1775,veh_1775_2,route_22_7,22,7
1778,veh_1778_1,route_9_2,9,2
1778,veh_1778_2,route_10_19,10,19
1778,veh_1778_3,route_20_14,20,14
1781,veh_1781_1,route_11_18,11,18
1781,veh_1781_2,route_4_14,4,14
1782,veh_1782_1,route_12_13,12,13
1782,veh_1782_2,route_6_7,6,7
1785,veh_1785_1,route_3_18,3,18
1790,veh_1790_1,route_15_8,15,8
1792,veh_1792_1,route_12_13,12,13
1792,veh_1792_2,route_17_18,17,18
1792,veh_1792_3,route_16_2,16,2
1793,veh_1793_1,route_22_7,22,7
1793,veh_1793_2,route_21_8,21,8
1793,veh_1793_3,route_20_14,20,14
1799,veh_1799_1,route_10_19,10,19
1799,veh_1799_2,route_11_18,11,18
1803,veh_1803_1,route_9_2,9,2
1807,veh_1807_1,route_17_1,17,1
1807,veh_1807_2,route_5_13,5,13
1807,veh_1807_3,route_4_14,4,14
1807,veh_1807_4,route_3_18,3,18
1809,veh_1809_1,route_16_2,16,2
1812,veh_1812_1,route_15_8,15,8
1815,veh_1815_1,route_20_14,20,14
1815,veh_1815_2,route_22_7,22,7
1816,veh_1816_1,route_21_8,21,8
1818,veh_1818_1,route_10_19,10,19
1819,veh_1819_1,route_11_18,11,18
1820,veh_1820_1,route_9_1,9,1
1822,veh_1822_1,route_5_13,5,13
1824,veh_1824_1,route_4_14,4,14
1825,veh_1825_1,route_17_1,17,1
1825,veh_1825_2,route_16_2,16,2
1825,veh_1825_3,route_3_18,3,18
1826,veh_1826_1,route_15_8,15,8
1831,veh_1831_1,route_20_14,20,14
1831,veh_1831_2,route_22_7,22,7
1832,veh_1832_1,route_21_8,21,8
1837,veh_1837_1,route_11_18,11,18
1837,veh_1837_2,route_10_19,10,19
1841,veh_1841_1,route_22_1,22,1
1842,veh_1842_1,route_3_18,3,18
1843,veh_1843_1,route_16_2,16,2
1843,veh_1843_2,route_4_14,4,14
1843,veh_1843_3,route_5_13,5,13
1846,veh_1846_1,route_16_2,16,2
1847,veh_1847_1,route_17_1,17,1
1851,veh_1851_1,route_15_8,15,8
1853,veh_1853_1,route_20_14,20,14
1854,veh_1854_1,route_21_8,21,8
1854,veh_1854_2,route_22_7,22,7
1855,veh_1855_1,route_9_1,9,1
1855,veh_1855_2,route_11_18,11,18
1856,veh_1856_1,route_22_7,22,7
1858,veh_1858_1,route_10_19,10,19
1861,veh_1861_1,route_4_14,4,14
1861,veh_1861_2,route_5_13,5,13
1863,veh_1863_1,route_6_7,6,7
1869,veh_1869_1,route_15_8,15,8
1871,veh_1871_1,route_16_2,16,2
1872,veh_1872_1,route_11_18,11,18
1873,veh_1873_1,route_20_14,20,14
1874,veh_1874_1,route_3_18,3,18
1874,veh_1874_2,route_10_19,10,19
1877,veh_1877_1,route_5_13,5,13
1881,veh_1881_1,route_21_8,21,8
1882,veh_1882_1,route_22_7,22,7
1883,veh_1883_1,route_21_8,21,8
1884,veh_1884_1,route_21_8,21,8
1885,veh_1885_1,route_9_19,9,19
1886,veh_1886_1,route_16_2,16,2
1887,veh_1887_1,route_10_18,10,18
1887,veh_1887_2,route_11_18,11,18
1888,veh_1888_1,route_17_1,17,1
1891,veh_1891_1,route_6_7,6,7
1893,veh_1893_1,route_4_14,4,14
1893,veh_1893_2,route_3_18,3,18
1896,veh_1896_1,route_15_8,15,8
1897,veh_1897_1,route_6_7,6,7
1898,veh_1898_1,route_16_2,16,2
1898,veh_1898_2,route_17_1,17,1
1902,veh_1902_1,route_4_14,4,14
1902,veh_1902_2,route_21_8,21,8
1902,veh_1902_3,route_22_7,22,7
1904,veh_1904_1,route_20_14,20,14
1906,veh_1906_1,route_11_18,11,18
1907,veh_1907_1,route_10_13,10,13
1907,veh_1907_2,route_12_13,12,13
1911,veh_1911_1,route_10_19,10,19
1911,veh_1911_2,route_12_13,12,13
1913,veh_1913_1,route_16_2,16,2
1913,veh_1913_2,route_15_8,15,8
1913,veh_1913_3,route_3_18,3,18
1915,veh_1915_1,route_4_14,4,14
1915,veh_1915_2,route_5_13,5,13
1916,veh_1916_1,route_17_1,17,1
1916,veh_1916_2,route_12_13,12,13
1919,veh_1919_1,route_6_7,6,7
1921,veh_1921_1,route_12_13,12,13
1922,veh_1922_1,route_22_7,22,7
1922,veh_1922_2,route_21_8,21,8
1922,veh_1922_3,route_20_14,20,14
1926,veh_1926_1,route_11_18,11,18
1927,veh_1927_1,route_10_19,10,19
1933,veh_1933_1,route_4_14,4,14
1933,veh_1933_2,route_3_18,3,18
1936,veh_1936_1,route_17_1,17,1
1936,veh_1936_2,route_15_8,15,8
1941,veh_1941_1,route_22_7,22,7
1941,veh_1941_2,route_21_8,21,8
1942,veh_1942_1,route_10_19,10,19
1944,veh_1944_1,route_11_18,11,18
1944,veh_1944_2,route_22_7,22,7
1948,veh_1948_1,route_3_18,3,18
1950,veh_1950_1,route_17_1,17,1
1950,veh_1950_2,route_16_2,16,2
1955,veh_1955_1,route_15_8,15,8
1956,veh_1956_1,route_9_1,9,1
1960,veh_1960_1,route_10_19,10,19
1960,veh_1960_2,route_11_18,11,18
1962,veh_1962_1,route_5_13,5,13
1964,veh_1964_1,route_22_7,22,7
1964,veh_1964_2,route_21_8,21,8
1967,veh_1967_1,route_17_1,17,1
1967,veh_1967_2,route_16_2,16,2
1969,veh_1969_1,route_4_14,4,14
1971,veh_1971_1,route_5_13,5,13
1973,veh_1973_1,route_3_18,3,18
1973,veh_1973_2,route_15_8,15,8
1975,veh_1975_1,route_12_13,12,13
1977,veh_1977_1,route_11_18,11,18
1981,veh_1981_1,route_10_19,10,19
1981,veh_1981_2,route_9_2,9,2
1982,veh_1982_1,route_12_13,12,13
1983,veh_1983_1,route_11_18,11,18
1984,veh_1984_1,route_22_7,22,7
1984,veh_1984_2,route_21_8,21,8
1987,veh_1987_1,route_17_1,17,1
1987,veh_1987_2,route_16_2,16,2
1989,veh_1989_1,route_15_8,15,8
1990,veh_1990_1,route_3_18,3,18
1990,veh_1990_2,route_5_13,5,13
1993,veh_1993_1,route_6_7,6,7
1996,veh_1996_1,route_12_13,12,13
1996,veh_1996_2,route_10_19,10,19
1998,veh_1998_1,route_11_18,11,18
2001,veh_2001_1,route_22_7,22,7
2001,veh_2001_2,route_21_8,21,8
2005,veh_2005_1,route_17_1,17,1
2005,veh_2005_2,route_16_2,16,2
2007,veh_2007_1,route_15_8,15,8
2009,veh_2009_1,route_22_1,22,1
2012,veh_2012_1,route_4_14,4,14
2012,veh_2012_2,route_3_18,3,18
2014,veh_2014_1,route_5_13,5,13
2017,veh_2017_1,route_12_13,12,13
2018,veh_2018_1,route_21_8,21,8
2018,veh_2018_2,route_22_7,22,7
2018,veh_2018_3,route_11_18,11,18
2018,veh_2018_4,route_10_19,10,19
2023,veh_2023_1,route_12_13,12,13
2025,veh_2025_1,route_17_1,17,1
2027,veh_2027_1,route_5_13,5,13
2027,veh_2027_2,route_16_2,16,2
2030,veh_2030_1,route_3_18,3,18
2033,veh_2033_1,route_15_8,15,8
2035,veh_2035_1,route_22_7,22,7
2035,veh_2035_2,route_21_8,21,8
2043,veh_2043_1,route_11_18,11,18
2043,veh_2043_2,route_10_19,10,19
2043,veh_2043_3,route_3_18,3,18
2045,veh_2045_1,route_12_13,12,13
2045,veh_2045_2,route_5_13,5,13
2052,veh_2052_1,route_15_8,15,8
2053,veh_2053_1,route_16_2,16,2
2053,veh_2053_2,route_17_1,17,1
2054,veh_2054_1,route_11_18,11,18
2054,veh_2054_2,route_10_19,10,19
2054,veh_2054_3,route_22_7,22,7
2054,veh_2054_4,route_21_8,21,8
2060,veh_2060_1,route_3_18,3,18
2060,veh_2060_2,route_4_14,4,14
2065,veh_2065_1,route_10_19,10,19
2068,veh_2068_1,route_22_7,22,7
2068,veh_2068_2,route_21_8,21,8
2073,veh_2073_1,route_3_18,3,18
2073,veh_2073_2,route_4_14,4,14
2074,veh_2074_1,route_5_13,5,13
2074,veh_2074_2,route_17_1,17,1
2074,veh_2074_3,route_16_2,16,2
2075,veh_2075_1,route_15_8,15,8
2077,veh_2077_1,route_17_1,17,1
2081,veh_2081_1,route_22_7,22,7
2081,veh_2081_2,route_21_8,21,8
2082,veh_2082_1,route_20_14,20,14
2083,veh_2083_1,route_11_18,11,18
2083,veh_2083_2,route_10_19,10,19
2089,veh_2089_1,route_17_1,17,1
2089,veh_2089_2,route_16_2,16,2
2089,veh_2089_3,route_6_7,6,7
2089,veh_2089_4,route_3_18,3,18
2090,veh_2090_1,route_4_14,4,14
2090,veh_2090_2,route_15_8,15,8
2093,veh_2093_1,route_3_18,3,18
2094,veh_2094_1,route_22_1,22,1
2096,veh_2096_1,route_21_8,21,8
2097,veh_2097_1,route_10_19,10,19
2101,veh_2101_1,route_4_14,4,14
2101,veh_2101_2,route_5_13,5,13
2101,veh_2101_3,route_22_7,22,7
2101,veh_2101_4,route_20_14,20,14
2104,veh_2104_1,route_3_18,3,18
2104,veh_2104_2,route_6_7,6,7
2104,veh_2104_3,route_16_2,16,2
2105,veh_2105_1,route_17_1,17,1
2111,veh_2111_1,route_15_8,15,8
2112,veh_2112_1,route_21_8,21,8
2114,veh_2114_1,route_10_19,10,19
2115,veh_2115_1,route_22_1,22,1
2115,veh_2115_2,route_20_14,20,14
2115,veh_2115_3,route_11_18,11,18
2115,veh_2115_4,route_10_19,10,19
2119,veh_2119_1,route_4_14,4,14
2119,veh_2119_2,route_6_7,6,7
2121,veh_2121_1,route_3_18,3,18
2122,veh_2122_1,route_4_14,4,14
2125,veh_2125_1,route_17_1,17,1
2125,veh_2125_2,route_16_2,16,2
2129,veh_2129_1,route_22_7,22,7
2129,veh_2129_2,route_21_8,21,8
2129,veh_2129_3,route_20_14,20,14
2134,veh_2134_1,route_11_18,11,18
2134,veh_2134_2,route_10_19,10,19
2138,veh_2138_1,route_4_14,4,14
2139,veh_2139_1,route_3_18,3,18
2141,veh_2141_1,route_15_8,15,8
2144,veh_2144_1,route_22_1,22,1
2144,veh_2144_2,route_20_14,20,14
2147,veh_2147_1,route_11_18,11,18
2147,veh_2147_2,route_10_19,10,19
2148,veh_2148_1,route_16_2,16,2
2149,veh_2149_1,route_17_1,17,1
2150,veh_2150_1,route_3_18,3,18
2150,veh_2150_2,route_4_14,4,14
2158,veh_2158_1,route_17_18,17,18
2158,veh_2158_2,route_15_8,15,8
2158,veh_2158_3,route_22_7,22,7
2158,veh_2158_4,route_21_8,21,8
2163,veh_2163_1,route_17_18,17,18
2164,veh_2164_1,route_16_2,16,2
2170,veh_2170_1,route_10_19,10,19
2170,veh_2170_2,route_11_18,11,18
2170,veh_2170_3,route_20_14,20,14
2173,veh_2173_1,route_4_14,4,14
2173,veh_2173_2,route_3_18,3,18
2175,veh_2175_1,route_17_18,17,18
2176,veh_2176_1,route_5_13,5,13
2179,veh_2179_1,route_15_8,15,8
2179,veh_2179_2,route_16_2,16,2
2180,veh_2180_1,route_22_7,22,7
2180,veh_2180_2,route_21_8,21,8
2181,veh_2181_1,route_11_18,11,18
2183,veh_2183_1,route_10_19,10,19
2183,veh_2183_2,route_17_1,17,1
2185,veh_2185_1,route_4_14,4,14
2185,veh_2185_2,route_3_18,3,18
2185,veh_2185_3,route_5_13,5,13
2188,veh_2188_1,route_20_14,20,14
2192,veh_2192_1,route_17_18,17,18
2194,veh_2194_1,route_6_7,6,7
2196,veh_2196_1,route_16_2,16,2
2196,veh_2196_2,route_17_1,17,1
2197,veh_2197_1,route_15_8,15,8
2203,veh_2203_1,route_11_18,11,18
2203,veh_2203_2,route_21_8,21,8
2203,veh_2203_3,route_22_7,22,7
2204,veh_2204_1,route_10_19,10,19
2204,veh_2204_2,route_20_14,20,14
2206,veh_2206_1,route_12_13,12,13
2208,veh_2208_1,route_5_13,5,13
2208,veh_2208_2,route_4_14,4,14
2214,veh_2214_1,route_15_8,15,8
2214,veh_2214_2,route_16_2,16,2
2217,veh_2217_1,route_17_1,17,1
2219,veh_2219_1,route_22_7,22,7
2221,veh_2221_1,route_17_18,17,18
2221,veh_2221_2,route_20_14,20,14
2221,veh_2221_3,route_21_8,21,8
2223,veh_2223_1,route_10_19,10,19
2226,veh_2226_1,route_11_18,11,18
2226,veh_2226_2,route_12_13,12,13
2226,veh_2226_3,route_4_14,4,14
2230,veh_2230_1,route_15_8,15,8
2230,veh_2230_2,route_12_13,12,13
2232,veh_2232_1,route_16_2,16,2
2234,veh_2234_1,route_17_1,17,1
2234,veh_2234_2,route_9_2,9,2
2234,veh_2234_3,route_9_2,9,2
2235,veh_2235_1,route_17_18,17,18
2235,veh_2235_2,route_10_19,10,19
2236,veh_2236_1,route_6_7,6,7
2237,veh_2237_1,route_22_7,22,7
2237,veh_2237_2,route_21_8,21,8
2237,veh_2237_3,route_20_14,20,14
2242,veh_2242_1,route_11_18,11,18
2242,veh_2242_2,route_12_13,12,13
2243,veh_2243_1,route_4_14,4,14
2243,veh_2243_2,route_5_13,5,13
2245,veh_2245_1,route_15_8,15,8
2248,veh_2248_1,route_16_2,16,2
2249,veh_2249_1,route_17_1,17,1
2249,veh_2249_2,route_20_14,20,14
2251,veh_2251_1,route_22_7,22,7
2251,veh_2251_2,route_21_8,21,8
2256,veh_2256_1,route_9_1,9,1
2257,veh_2257_1,route_10_19,10,19
2257,veh_2257_2,route_6_7,6,7
2257,veh_2257_3,route_11_18,11,18
2260,veh_2260_1,route_5_13,5,13
2261,veh_2261_1,route_16_2,16,2
2262,veh_2262_1,route_17_1,17,1
2263,veh_2263_1,route_15_8,15,8
2267,veh_2267_1,route_20_14,20,14
2267,veh_2267_2,route_22_7,22,7
2269,veh_2269_1,route_21_8,21,8
2271,veh_2271_1,route_10_19,10,19
2272,veh_2272_1,route_12_13,12,13
2273,veh_2273_1,route_9_2,9,2
2276,veh_2276_1,route_17_1,17,1
2276,veh_2276_2,route_16_2,16,2
2276,veh_2276_3,route_15_8,15,8
2279,veh_2279_1,route_20_14,20,14
2285,veh_2285_1,route_10_19,10,19
2285,veh_2285_2,route_22_1,22,1
2286,veh_2286_1,route_21_8,21,8
2286,veh_2286_2,route_11_18,11,18
2287,veh_2287_1,route_22_7,22,7
2289,veh_2289_1,route_16_2,16,2
2290,veh_2290_1,route_5_13,5,13
2290,veh_2290_2,route_4_14,4,14
2291,veh_2291_1,route_17_1,17,1
2294,veh_2294_1,route_12_13,12,13
2295,veh_2295_1,route_15_8,15,8
2300,veh_2300_1,route_11_18,11,18
2300,veh_2300_2,route_10_19,10,19
2300,veh_2300_3,route_21_8,21,8
2300,veh_2300_4,route_22_7,22,7
2300,veh_2300_5,route_20_14,20,14
2304,veh_2304_1,route_4_14,4,14
2304,veh_2304_2,route_6_7,6,7
2309,veh_2309_1,route_3_18,3,18
2310,veh_2310_1,route_17_1,17,1
2310,veh_2310_2,route_16_2,16,2
2314,veh_2314_1,route_15_8,15,8
2316,veh_2316_1,route_12_13,12,13
2316,veh_2316_2,route_22_7,22,7
2317,veh_2317_1,route_11_18,11,18
2318,veh_2318_1,route_21_8,21,8
2319,veh_2319_1,route_10_19,10,19
2320,veh_2320_1,route_12_13,12,13
2320,veh_2320_2,route_6_7,6,7
2321,veh_2321_1,route_12_13,12,13
2324,veh_2324_1,route_5_13,5,13
2324,veh_2324_2,route_3_18,3,18
2324,veh_2324_3,route_4_14,4,14
2327,veh_2327_1,route_16_2,16,2
2327,veh_2327_2,route_17_1,17,1
2327,veh_2327_3,route_15_8,15,8
2332,veh_2332_1,route_12_13,12,13
2334,veh_2334_1,route_10_19,10,19
2334,veh_2334_2,route_11_18,11,18
2334,veh_2334_3,route_22_7,22,7
2334,veh_2334_4,route_21_8,21,8
2334,veh_2334_5,route_20_14,20,14
2339,veh_2339_1,route_4_14,4,14
2342,veh_2342_1,route_16_2,16,2
2344,veh_2344_1,route_17_1,17,1
2344,veh_2344_2,route_15_8,15,8
2346,veh_2346_1,route_22_1,22,1
2346,veh_2346_2,route_21_8,21,8
2346,veh_2346_3,route_20_14,20,14
2347,veh_2347_1,route_11_18,11,18
2349,veh_2349_1,route_10_19,10,19
2354,veh_2354_1,route_5_13,5,13
2354,veh_2354_2,route_17_1,17,1
2356,veh_2356_1,route_16_2,16,2
2357,veh_2357_1,route_4_14,4,14
2358,veh_2358_1,route_3_18,3,18
2359,veh_2359_1,route_15_8,15,8
2364,veh_2364_1,route_21_8,21,8
2365,veh_2365_1,route_10_19,10,19
2365,veh_2365_2,route_22_7,22,7
2365,veh_2365_3,route_20_14,20,14
2366,veh_2366_1,route_11_18,11,18
2371,veh_2371_1,route_17_1,17,1
2373,veh_2373_1,route_16_2,16,2
2375,veh_2375_1,route_15_8,15,8
2376,veh_2376_1,route_3_18,3,18
2376,veh_2376_2,route_4_14,4,14
2379,veh_2379_1,route_22_1,22,1
2379,veh_2379_2,route_21_8,21,8
2381,veh_2381_1,route_11_18,11,18
2383,veh_2383_1,route_10_19,10,19
2385,veh_2385_1,route_20_14,20,14
2388,veh_2388_1,route_17_1,17,1
2388,veh_2388_2,route_16_2,16,2
2389,veh_2389_1,route_3_18,3,18
2389,veh_2389_2,route_4_14,4,14
2390,veh_2390_1,route_15_8,15,8
2395,veh_2395_1,route_11_18,11,18
2396,veh_2396_1,route_22_7,22,7
2396,veh_2396_2,route_21_8,21,8
2397,veh_2397_1,route_10_19,10,19
2401,veh_2401_1,route_20_14,20,14
2404,veh_2401_2,route_17_1,17,1
2404,veh_2401_3,route_16_2,16,2
2406,veh_2401_4,route_15_8,15,8
2408,veh_2403_1,route_3_18,3,18
2408,veh_2404_1,route_4_14,4,14
2412,veh_2404_2,route_22_7,22,7
2412,veh_2406_1,route_11_18,11,18
2414,veh_2408_1,route_21_8,21,8
2416,veh_2408_2,route_10_19,10,19
2417,veh_2412_1,route_20_14,20,14
2422,veh_2412_2,route_17_1,17,1
2422,veh_2414_1,route_16_2,16,2
2424,veh_2416_1,route_15_8,15,8
2426,veh_2417_1,route_12_13,12,13
2426,veh_2422_1,route_4_14,4,14
2428,veh_2422_2,route_5_13,5,13
2432,veh_2424_1,route_12_13,12,13
2432,veh_2426_1,route_22_7,22,7
2432,veh_2426_2,route_21_8,21,8
2436,veh_2428_1,route_4_14,4,14
2437,veh_2432_1,route_10_19,10,19
2438,veh_2432_2,route_11_18,11,18
2438,veh_2432_3,route_12_13,12,13
2439,veh_2436_1,route_22_7,22,7
2441,veh_2437_1,route_20_14,20,14
2442,veh_2438_1,route_21_8,21,8
2446,veh_2438_2,route_17_1,17,1
2446,veh_2439_1,route_16_2,16,2
2446,veh_2441_1,route_15_8,15,8
2454,veh_2442_1,route_11_18,11,18
2454,veh_2446_1,route_10_19,10,19
2456,veh_2446_2,route_3_18,3,18
2458,veh_2446_3,route_4_14,4,14
2401,veh_2454_1,route_9_2,9,2
2401,veh_2454_2,route_22_7,22,7
2401,veh_2456_1,route_21_8,21,8
2403,veh_2458_1,route_20_14,20,14
2467,veh_2467_1,route_17_1,17,1
2467,veh_2467_2,route_16_2,16,2
2467,veh_2467_3,route_15_8,15,8
2467,veh_2467_4,route_6_7,6,7
2468,veh_2468_1,route_12_13,12,13
2470,veh_2470_1,route_11_18,11,18
2471,veh_2471_1,route_10_19,10,19
2474,veh_2474_1,route_22_1,22,1
2476,veh_2476_1,route_20_14,20,14
2476,veh_2476_2,route_4_14,4,14
2481,veh_2481_1,route_22_7,22,7
2481,veh_2481_2,route_21_8,21,8
2485,veh_2485_1,route_17_1,17,1
2485,veh_2485_2,route_16_2,16,2
2487,veh_2487_1,route_17_1,17,1
2488,veh_2488_1,route_4_14,4,14
2488,veh_2488_2,route_5_13,5,13
2490,veh_2490_1,route_15_8,15,8
2492,veh_2492_1,route_10_19,10,19
2493,veh_2493_1,route_22_7,22,7
2493,veh_2493_2,route_21_8,21,8
2494,veh_2494_1,route_11_18,11,18
2494,veh_2494_2,route_20_14,20,14
2497,veh_2497_1,route_3_18,3,18
2499,veh_2499_1,route_4_14,4,14
2502,veh_2502_1,route_17_1,17,1
2502,veh_2502_2,route_16_2,16,2
2503,veh_2503_1,route_11_18,11,18
2505,veh_2505_1,route_15_8,15,8
2508,veh_2508_1,route_20_14,20,14
2508,veh_2508_2,route_9_1,9,1
2509,veh_2509_1,route_22_7,22,7
2509,veh_2509_2,route_21_8,21,8
2511,veh_2511_1,route_9_1,9,1
2511,veh_2511_2,route_17_18,17,18
2513,veh_2513_1,route_6_7,6,7
2514,veh_2514_1,route_11_18,11,18
2516,veh_2516_1,route_10_19,10,19
2517,veh_2517_1,route_21_8,21,8
2521,veh_2521_1,route_17_1,17,1
2521,veh_2521_2,route_16_2,16,2
2521,veh_2521_3,route_22_7,22,7
2524,veh_2524_1,route_4_14,4,14
2526,veh_2526_1,route_15_8,15,8
2529,veh_2529_1,route_11_18,11,18
2529,veh_2529_2,route_22_7,22,7
2529,veh_2529_3,route_21_8,21,8
2529,veh_2529_4,route_20_14,20,14
2530,veh_2530_1,route_10_19,10,19
2532,veh_2532_1,route_9_1,9,1
2539,veh_2539_1,route_16_2,16,2
2539,veh_2539_2,route_6_7,6,7
2540,veh_2540_1,route_17_1,17,1
2542,veh_2542_1,route_15_8,15,8
2544,veh_2544_1,route_15_8,15,8
2545,veh_2545_1,route_21_8,21,8
2546,veh_2546_1,route_15_8,15,8
2547,veh_2547_1,route_17_18,17,18
2547,veh_2547_2,route_22_7,22,7
2548,veh_2548_1,route_10_19,10,19
2549,veh_2549_1,route_12_13,12,13
2551,veh_2551_1,route_11_18,11,18
2552,veh_2552_1,route_20_14,20,14
2555,veh_2555_1,route_4_14,4,14
2557,veh_2557_1,route_17_1,17,1
2557,veh_2557_2,route_16_2,16,2
2560,veh_2560_1,route_15_8,15,8
2562,veh_2562_1,route_10_19,10,19
2562,veh_2562_2,route_22_7,22,7
2562,veh_2562_3,route_21_8,21,8
2563,veh_2563_1,route_11_18,11,18
2564,veh_2564_1,route_12_13,12,13
2566,veh_2566_1,route_21_8,21,8
2567,veh_2567_1,route_5_13,5,13
2567,veh_2567_2,route_4_14,4,14
2570,veh_2570_1,route_17_1,17,1
2570,veh_2570_2,route_16_2,16,2
2570,veh_2570_3,route_15_8,15,8
2576,veh_2576_1,route_15_8,15,8
2576,veh_2576_2,route_22_1,22,1
2576,veh_2576_3,route_20_14,20,14
2577,veh_2577_1,route_21_8,21,8
2579,veh_2579_1,route_22_7,22,7
2583,veh_2583_1,route_10_19,10,19
2584,veh_2584_1,route_11_18,11,18
2585,veh_2585_1,route_5_13,5,13
2585,veh_2585_2,route_12_13,12,13
2589,veh_2589_1,route_16_2,16,2
2591,veh_2591_1,route_17_1,17,1
2592,veh_2592_1,route_15_8,15,8
2593,veh_2593_1,route_17_18,17,18
2594,veh_2594_1,route_6_7,6,7
2595,veh_2595_1,route_20_14,20,14
2596,veh_2596_1,route_17_18,17,18
2596,veh_2596_2,route_21_8,21,8
2596,veh_2596_3,route_22_7,22,7
2598,veh_2598_1,route_11_18,11,18
2599,veh_2599_1,route_10_19,10,19
2600,veh_2600_1,route_4_14,4,14
2603,veh_2603_1,route_3_18,3,18
2606,veh_2606_1,route_15_8,15,8
2610,veh_2610_1,route_16_2,16,2
2611,veh_2611_1,route_17_1,17,1
2613,veh_2613_1,route_10_19,10,19
2613,veh_2613_2,route_20_14,20,14
2613,veh_2613_3,route_21_8,21,8
2613,veh_2613_4,route_22_7,22,7
2615,veh_2615_1,route_11_18,11,18
2620,veh_2620_1,route_4_14,4,14
2621,veh_2621_1,route_16_2,16,2
2622,veh_2622_1,route_17_1,17,1
2624,veh_2624_1,route_15_8,15,8
2627,veh_2627_1,route_22_1,22,1
2629,veh_2629_1,route_21_8,21,8
2630,veh_2630_1,route_3_18,3,18
2630,veh_2630_2,route_4_14,4,14
2630,veh_2630_3,route_10_19,10,19
2631,veh_2631_1,route_6_7,6,7
2632,veh_2632_1,route_11_18,11,18
2637,veh_2637_1,route_15_8,15,8
2644,veh_2644_1,route_16_2,16,2
2647,veh_2647_1,route_10_19,10,19
2649,veh_2649_1,route_11_18,11,18
2652,veh_2652_1,route_22_7,22,7
2654,veh_2654_1,route_17_18,17,18
2655,veh_2655_1,route_20_14,20,14
2657,veh_2657_1,route_4_14,4,14
2657,veh_2657_2,route_3_18,3,18
2659,veh_2659_1,route_17_1,17,1
2659,veh_2659_2,route_16_2,16,2
2661,veh_2661_1,route_5_13,5,13
2661,veh_2661_2,route_15_8,15,8
2666,veh_2666_1,route_11_18,11,18
2666,veh_2666_2,route_10_19,10,19
2667,veh_2667_1,route_21_8,21,8
2667,veh_2667_2,route_22_7,22,7
2669,veh_2669_1,route_20_14,20,14
2673,veh_2673_1,route_3_18,3,18
2673,veh_2673_2,route_16_2,16,2
2676,veh_2676_1,route_15_8,15,8
2679,veh_2679_1,route_11_18,11,18
2680,veh_2680_1,route_21_8,21,8
2680,veh_2680_2,route_22_7,22,7
2681,veh_2681_1,route_10_19,10,19
2682,veh_2682_1,route_12_13,12,13
2682,veh_2682_2,route_20_14,20,14
2682,veh_2682_3,route_9_19,9,19
2687,veh_2687_1,route_16_2,16,2
2692,veh_2692_1,route_22_1,22,1
2693,veh_2693_1,route_15_8,15,8
2694,veh_2694_1,route_11_18,11,18
2694,veh_2694_2,route_10_19,10,19
2695,veh_2695_1,route_16_2,16,2
2697,veh_2697_1,route_17_1,17,1
2698,veh_2698_1,route_11_18,11,18
2698,veh_2698_2,route_10_19,10,19
2701,veh_2701_1,route_4_14,4,14
2701,veh_2701_2,route_21_8,21,8
2701,veh_2701_3,route_22_7,22,7
2705,veh_2705_1,route_20_14,20,14
2709,veh_2709_1,route_17_1,17,1
2709,veh_2709_2,route_16_2,16,2
2709,veh_2709_3,route_10_19,10,19
2711,veh_2711_1,route_4_14,4,14
2715,veh_2715_1,route_22_7,22,7
2715,veh_2715_2,route_21_8,21,8
2715,veh_2715_3,route_20_14,20,14
2716,veh_2716_1,route_11_18,11,18
2717,veh_2717_1,route_17_1,17,1
2721,veh_2721_1,route_10_19,10,19
2723,veh_2723_1,route_5_13,5,13
2727,veh_2727_1,route_16_2,16,2
2728,veh_2728_1,route_15_8,15,8
2729,veh_2729_1,route_4_14,4,14
2731,veh_2731_1,route_17_18,17,18
2731,veh_2731_2,route_22_7,22,7
2731,veh_2731_3,route_20_14,20,14
2734,veh_2734_1,route_21_8,21,8
2735,veh_2735_1,route_16_2,16,2
2739,veh_2739_1,route_11_18,11,18
2739,veh_2739_2,route_10_19,10,19
2740,veh_2740_1,route_21_8,21,8
2740,veh_2740_2,route_22_7,22,7
2745,veh_2745_1,route_5_13,5,13
2745,veh_2745_2,route_4_14,4,14
2745,veh_2745_3,route_20_14,20,14
2746,veh_2746_1,route_17_18,17,18
2748,veh_2748_1,route_17_1,17,1
2748,veh_2748_2,route_16_2,16,2
2748,veh_2748_3,route_3_18,3,18
2750,veh_2750_1,route_17_18,17,18
2750,veh_2750_2,route_15_8,15,8
2755,veh_2755_1,route_21_8,21,8
2755,veh_2755_2,route_22_7,22,7
2757,veh_2757_1,route_10_19,10,19
2757,veh_2757_2,route_11_18,11,18
2758,veh_2758_1,route_12_13,12,13
2761,veh_2761_1,route_4_14,4,14
2761,veh_2761_2,route_5_13,5,13
2764,veh_2764_1,route_17_1,17,1
2764,veh_2764_2,route_16_2,16,2
2766,veh_2766_1,route_15_8,15,8
2769,veh_2769_1,route_22_1,22,1
2770,veh_2770_1,route_21_8,21,8
2771,veh_2771_1,route_6_7,6,7
2772,veh_2772_1,route_11_18,11,18
2772,veh_2772_2,route_10_19,10,19
2777,veh_2777_1,route_5_13,5,13
2777,veh_2777_2,route_4_14,4,14
2778,veh_2778_1,route_16_2,16,2
2779,veh_2779_1,route_17_1,17,1
2782,veh_2782_1,route_15_8,15,8
2785,veh_2785_1,route_11_18,11,18
2786,veh_2786_1,route_22_7,22,7
2787,veh_2787_1,route_10_19,10,19
2787,veh_2787_2,route_21_8,21,8
2790,veh_2790_1,route_4_14,4,14
2792,veh_2792_1,route_17_1,17,1
2792,veh_2792_2,route_16_2,16,2
2792,veh_2792_3,route_15_8,15,8
2795,veh_2795_1,route_22_7,22,7
2797,veh_2797_1,route_21_8,21,8
2799,veh_2799_1,route_11_18,11,18
2799,veh_2799_2,route_10_19,10,19
2803,veh_2803_1,route_17_18,17,18
2803,veh_2803_2,route_4_14,4,14
2805,veh_2805_1,route_16_2,16,2
2808,veh_2808_1,route_15_8,15,8
2808,veh_2808_2,route_21_8,21,8
2811,veh_2811_1,route_10_19,10,19
2811,veh_2811_2,route_22_7,22,7
2813,veh_2813_1,route_11_18,11,18
2816,veh_2816_1,route_6_7,6,7
2816,veh_2816_2,route_4_14,4,14
2819,veh_2819_1,route_16_2,16,2
2819,veh_2819_2,route_17_1,17,1
2819,veh_2819_3,route_15_8,15,8
2822,veh_2822_1,route_22_7,22,7
2822,veh_2822_2,route_21_8,21,8
2824,veh_2824_1,route_10_19,10,19
2824,veh_2824_2,route_11_18,11,18
2827,veh_2827_1,route_4_14,4,14
2829,veh_2829_1,route_17_1,17,1
2830,veh_2830_1,route_16_2,16,2
2830,veh_2830_2,route_15_8,15,8
2834,veh_2834_1,route_12_13,12,13
2835,veh_2835_1,route_21_8,21,8
2836,veh_2836_1,route_22_7,22,7
2836,veh_2836_2,route_11_18,11,18
2837,veh_2837_1,route_10_19,10,19
2838,veh_2838_1,route_20_14,20,14
2844,veh_2844_1,route_17_1,17,1
2844,veh_2844_2,route_16_2,16,2
2844,veh_2844_3,route_15_8,15,8
2844,veh_2844_4,route_4_14,4,14
2848,veh_2848_1,route_10_19,10,19
2849,veh_2849_1,route_11_18,11,18
2849,veh_2849_2,route_21_8,21,8
2849,veh_2849_3,route_22_7,22,7
2852,veh_2852_1,route_21_8,21,8
2856,veh_2856_1,route_17_1,17,1
2856,veh_2856_2,route_15_8,15,8
2856,veh_2856_3,route_16_2,16,2
2862,veh_2862_1,route_20_14,20,14
2862,veh_2862_2,route_9_2,9,2
2863,veh_2863_1,route_10_19,10,19
2863,veh_2863_2,route_11_18,11,18
2865,veh_2865_1,route_21_8,21,8
2868,veh_2868_1,route_22_7,22,7
2869,veh_2869_1,route_17_1,17,1
2869,veh_2869_2,route_16_2,16,2
2869,veh_2869_3,route_15_8,15,8
2874,veh_2874_1,route_20_14,20,14
2876,veh_2876_1,route_21_8,21,8
2876,veh_2876_2,route_22_1,22,1
2879,veh_2879_1,route_11_18,11,18
2879,veh_2879_2,route_10_19,10,19
2884,veh_2884_1,route_17_1,17,1
2884,veh_2884_2,route_16_2,16,2
2884,veh_2884_3,route_15_8,15,8
2890,veh_2890_1,route_5_13,5,13
2891,veh_2891_1,route_4_14,4,14
2895,veh_2895_1,route_10_19,10,19
2896,veh_2896_1,route_22_7,22,7
2897,veh_2897_1,route_21_8,21,8
2897,veh_2897_2,route_20_14,20,14
2898,veh_2898_1,route_11_18,11,18
2898,veh_2898_2,route_22_7,22,7
2901,veh_2901_1,route_6_7,6,7
2902,veh_2902_1,route_9_1,9,1
2903,veh_2903_1,route_15_8,15,8
2905,veh_2905_1,route_17_1,17,1
2905,veh_2905_2,route_16_2,16,2
2905,veh_2905_3,route_15_8,15,8
2908,veh_2908_1,route_4_14,4,14
2909,veh_2909_1,route_5_13,5,13
2909,veh_2909_2,route_3_18,3,18
2912,veh_2912_1,route_10_19,10,19
2914,veh_2914_1,route_11_18,11,18
2914,veh_2914_2,route_22_7,22,7
2914,veh_2914_3,route_21_8,21,8
2918,veh_2918_1,route_20_14,20,14
2918,veh_2918_2,route_22_1,22,1
2921,veh_2921_1,route_17_1,17,1
2921,veh_2921_2,route_16_2,16,2
2923,veh_2923_1,route_3_18,3,18
2923,veh_2923_2,route_15_8,15,8
2926,veh_2926_1,route_4_14,4,14
2931,veh_2931_1,route_17_18,17,18
2932,veh_2932_1,route_11_18,11,18
2932,veh_2932_2,route_10_19,10,19
2932,veh_2932_3,route_9_1,9,1
2933,veh_2933_1,route_22_7,22,7
2933,veh_2933_2,route_20_14,20,14
2934,veh_2934_1,route_21_8,21,8
2938,veh_2938_1,route_16_2,16,2
2938,veh_2938_2,route_17_1,17,1
2938,veh_2938_3,route_15_8,15,8
2944,veh_2944_1,route_4_14,4,14
2950,veh_2950_1,route_11_18,11,18
2950,veh_2950_2,route_10_19,10,19
2951,veh_2951_1,route_22_7,22,7
2951,veh_2951_2,route_21_8,21,8
2955,veh_2955_1,route_3_18,3,18
2956,veh_2956_1,route_15_8,15,8
2959,veh_2959_1,route_5_13,5,13
2960,veh_2960_1,route_16_2,16,2
2961,veh_2961_1,route_17_1,17,1
2966,veh_2966_1,route_11_18,11,18
2966,veh_2966_2,route_10_19,10,19
2967,veh_2967_1,route_21_8,21,8
2967,veh_2967_2,route_22_7,22,7
2972,veh_2972_1,route_17_1,17,1
2974,veh_2974_1,route_15_8,15,8
2978,veh_2978_1,route_3_18,3,18
2979,veh_2979_1,route_5_13,5,13
2980,veh_2980_1,route_4_14,4,14
2983,veh_2983_1,route_10_19,10,19
2985,veh_2985_1,route_9_2,9,2
2985,veh_2985_2,route_11_18,11,18
2985,veh_2985_3,route_6_7,6,7
2987,veh_2987_1,route_22_7,22,7
2988,veh_2988_1,route_17_1,17,1
2989,veh_2989_1,route_21_8,21,8
2990,veh_2990_1,route_15_8,15,8
2994,veh_2994_1,route_17_1,17,1
2994,veh_2994_2,route_16_2,16,2
2996,veh_2996_1,route_5_13,5,13
2998,veh_2998_1,route_4_14,4,14
2998,veh_2998_2,route_3_18,3,18
3001,veh_3001_1,route_11_18,11,18
3001,veh_3001_2,route_10_19,10,19
3002,veh_3002_1,route_22_7,22,7
3005,veh_3005_1,route_21_8,21,8
3008,veh_3008_1,route_5_13,5,13
3010,veh_3010_1,route_4_14,4,14
3010,veh_3010_2,route_16_2,16,2
3010,veh_3010_3,route_15_8,15,8
3013,veh_3013_1,route_16_2,16,2
3018,veh_3018_1,route_11_18,11,18
3018,veh_3018_2,route_20_14,20,14
3022,veh_3022_1,route_10_19,10,19
3023,veh_3023_1,route_21_8,21,8
3029,veh_3029_1,route_16_2,16,2
3030,veh_3030_1,route_15_8,15,8
3031,veh_3031_1,route_17_1,17,1
3031,veh_3031_2,route_4_14,4,14
3035,veh_3035_1,route_11_18,11,18
3037,veh_3037_1,route_10_19,10,19
3038,veh_3038_1,route_21_8,21,8
3038,veh_3038_2,route_22_7,22,7
3042,veh_3042_1,route_4_14,4,14
3043,veh_3043_1,route_16_2,16,2
3044,veh_3044_1,route_17_1,17,1
3044,veh_3044_2,route_15_8,15,8
3049,veh_3049_1,route_11_18,11,18
3051,veh_3051_1,route_10_19,10,19
3053,veh_3053_1,route_3_18,3,18
3054,veh_3054_1,route_5_13,5,13
3055,veh_3055_1,route_17_1,17,1
3056,veh_3056_1,route_4_14,4,14
3061,veh_3061_1,route_11_18,11,18
3061,veh_3061_2,route_10_19,10,19
3061,veh_3061_3,route_15_8,15,8
3061,veh_3061_4,route_22_7,22,7
3062,veh_3062_1,route_21_8,21,8
3066,veh_3066_1,route_4_14,4,14
3066,veh_3066_2,route_11_18,11,18
3067,veh_3067_1,route_5_13,5,13
3072,veh_3072_1,route_16_2,16,2
3072,veh_3072_2,route_17_1,17,1
3072,veh_3072_3,route_15_8,15,8
3075,veh_3075_1,route_6_7,6,7
3078,veh_3078_1,route_21_8,21,8
3078,veh_3078_2,route_22_7,22,7
3078,veh_3078_3,route_11_18,11,18
3078,veh_3078_4,route_10_19,10,19
3081,veh_3081_1,route_15_8,15,8
3083,veh_3083_1,route_3_18,3,18
3089,veh_3089_1,route_11_18,11,18
3089,veh_3089_2,route_10_19,10,19
3089,veh_3089_3,route_21_8,21,8
3090,veh_3090_1,route_22_1,22,1
3094,veh_3094_1,route_6_7,6,7
3095,veh_3095_1,route_16_2,16,2
3095,veh_3095_2,route_17_1,17,1
3097,veh_3097_1,route_15_8,15,8
3099,veh_3099_1,route_16_2,16,2
3103,veh_3103_1,route_10_19,10,19
3103,veh_3103_2,route_11_18,11,18
3103,veh_3103_3,route_22_1,22,1
3103,veh_3103_4,route_21_8,21,8
3107,veh_3107_1,route_20_14,20,14
3112,veh_3112_1,route_16_2,16,2
3112,veh_3112_2,route_17_1,17,1
3114,veh_3114_1,route_15_8,15,8
3119,veh_3119_1,route_22_1,22,1
3119,veh_3119_2,route_21_8,21,8
3122,veh_3122_1,route_11_18,11,18
3122,veh_3122_2,route_10_19,10,19
3123,veh_3123_1,route_12_13,12,13
3124,veh_3124_1,route_5_13,5,13
3125,veh_3125_1,route_4_14,4,14
3125,veh_3125_2,route_20_14,20,14
3130,veh_3130_1,route_15_8,15,8
3130,veh_3130_2,route_16_2,16,2
3130,veh_3130_3,route_17_1,17,1
3133,veh_3133_1,route_12_13,12,13
3136,veh_3136_1,route_22_7,22,7
3136,veh_3136_2,route_21_8,21,8
3136,veh_3136_3,route_20_14,20,14
3139,veh_3139_1,route_11_19,11,19
3139,veh_3139_2,route_11_18,11,18
3143,veh_3143_1,route_5_13,5,13
3143,veh_3143_2,route_4_14,4,14
3145,veh_3145_1,route_3_18,3,18
3150,veh_3150_1,route_17_1,17,1
3151,veh_3151_1,route_16_2,16,2
3151,veh_3151_2,route_15_8,15,8
3154,veh_3154_1,route_4_14,4,14
3156,veh_3156_1,route_22_7,22,7
3156,veh_3156_2,route_21_8,21,8
3157,veh_3157_1,route_10_19,10,19
3157,veh_3157_2,route_11_18,11,18
3159,veh_3159_1,route_22_1,22,1
3163,veh_3163_1,route_12_13,12,13
3163,veh_3163_2,route_20_14,20,14
3165,veh_3165_1,route_4_14,4,14
3165,veh_3165_2,route_5_13,5,13
3167,veh_3167_1,route_3_18,3,18
3173,veh_3173_1,route_16_2,16,2
3173,veh_3173_2,route_17_1,17,1
3173,veh_3173_3,route_15_8,15,8
3174,veh_3174_1,route_10_19,10,19
3176,veh_3176_1,route_11_18,11,18
3177,veh_3177_1,route_21_8,21,8
3177,veh_3177_2,route_22_7,22,7
3179,veh_3179_1,route_9_1,9,1
3181,veh_3181_1,route_20_14,20,14
3182,veh_3182_1,route_10_19,10,19
3184,veh_3184_1,route_6_7,6,7
3185,veh_3185_1,route_16_2,16,2
3185,veh_3185_2,route_17_1,17,1
3186,veh_3186_1,route_15_2,15,2
3189,veh_3189_1,route_11_18,11,18
3191,veh_3191_1,route_22_7,22,7
3191,veh_3191_2,route_21_8,21,8
3196,veh_3196_1,route_16_2,16,2
3196,veh_3196_2,route_12_13,12,13
3196,veh_3196_3,route_4_14,4,14
3197,veh_3197_1,route_17_1,17,1
3197,veh_3197_2,route_20_14,20,14
3202,veh_3202_1,route_9_1,9,1
3203,veh_3203_1,route_6_7,6,7
3205,veh_3205_1,route_11_18,11,18
3205,veh_3205_2,route_10_19,10,19
3206,veh_3206_1,route_22_7,22,7
3206,veh_3206_2,route_21_8,21,8
3212,veh_3212_1,route_16_2,16,2
3213,veh_3213_1,route_17_1,17,1
3214,veh_3214_1,route_20_14,20,14
3215,veh_3215_1,route_9_2,9,2
3218,veh_3218_1,route_17_18,17,18
3219,veh_3219_1,route_22_7,22,7
3219,veh_3219_2,route_21_8,21,8
3221,veh_3221_1,route_10_19,10,19
3222,veh_3222_1,route_11_18,11,18
3223,veh_3223_1,route_11_18,11,18
3224,veh_3224_1,route_5_13,5,13
3229,veh_3229_1,route_3_18,3,18
3230,veh_3230_1,route_16_2,16,2
3230,veh_3230_2,route_17_1,17,1
3230,veh_3230_3,route_15_8,15,8
3231,veh_3231_1,route_12_13,12,13
3235,veh_3235_1,route_20_14,20,14
3236,veh_3236_1,route_9_1,9,1
3239,veh_3239_1,route_11_18,11,18
3241,veh_3241_1,route_10_19,10,19
3241,veh_3241_2,route_12_13,12,13
3241,veh_3241_3,route_22_7,22,7
3242,veh_3242_1,route_21_8,21,8
3242,veh_3242_2,route_11_18,11,18
3243,veh_3243_1,route_5_13,5,13
3247,veh_3247_1,route_4_14,4,14
3247,veh_3247_2,route_16_2,16,2
3247,veh_3247_3,route_17_1,17,1
3250,veh_3250_1,route_3_18,3,18
3252,veh_3252_1,route_11_18,11,18
3252,veh_3252_2,route_10_19,10,19
3252,veh_3252_3,route_20_14,20,14
3257,veh_3257_1,route_21_8,21,8
3257,veh_3257_2,route_22_7,22,7
3262,veh_3262_1,route_9_2,9,2
3263,veh_3263_1,route_10_19,10,19
3264,veh_3264_1,route_11_18,11,18
3264,veh_3264_2,route_3_18,3,18
3267,veh_3267_1,route_5_13,5,13
3268,veh_3268_1,route_17_1,17,1
3268,veh_3268_2,route_16_2,16,2
3271,veh_3271_1,route_20_14,20,14
3272,veh_3272_1,route_22_7,22,7
3272,veh_3272_2,route_21_8,21,8
3274,veh_3274_1,route_11_18,11,18
3274,veh_3274_2,route_9_2,9,2
3276,veh_3276_1,route_10_19,10,19
3280,veh_3280_1,route_4_14,4,14
3282,veh_3282_1,route_3_18,3,18
3283,veh_3283_1,route_17_18,17,18
3285,veh_3285_1,route_9_19,9,19
3286,veh_3286_1,route_16_2,16,2
3288,veh_3288_1,route_11_18,11,18
3288,veh_3288_2,route_10_19,10,19
3291,veh_3291_1,route_22_7,22,7
3293,veh_3293_1,route_21_8,21,8
3294,veh_3294_1,route_20_14,20,14
3294,veh_3294_2,route_4_14,4,14
3297,veh_3297_1,route_17_1,17,1
3299,veh_3299_1,route_16_2,16,2
3301,veh_3301_1,route_15_8,15,8
3305,veh_3305_1,route_10_19,10,19
3305,veh_3305_2,route_11_18,11,18
3305,veh_3305_3,route_21_8,21,8
3305,veh_3305_4,route_22_7,22,7
3307,veh_3307_1,route_20_14,20,14
3309,veh_3309_1,route_6_7,6,7
3309,veh_3309_2,route_17_1,17,1
3313,veh_3313_1,route_16_2,16,2
3315,veh_3315_1,route_21_8,21,8
3315,veh_3315_2,route_22_7,22,7
3320,veh_3320_1,route_11_18,11,18
3320,veh_3320_2,route_10_19,10,19
3324,veh_3324_1,route_16_2,16,2
3325,veh_3325_1,route_17_1,17,1
3330,veh_3330_1,route_20_14,20,14
3331,veh_3331_1,route_21_8,21,8
3331,veh_3331_2,route_22_7,22,7
3333,veh_3333_1,route_11_18,11,18
3333,veh_3333_2,route_10_19,10,19
3337,veh_3337_1,route_3_18,3,18
3339,veh_3339_1,route_4_14,4,14
3344,veh_3344_1,route_17_1,17,1
3344,veh_3344_2,route_16_2,16,2
3348,veh_3348_1,route_20_14,20,14
3348,veh_3348_2,route_10_19,10,19
3349,veh_3349_1,route_11_18,11,18
3349,veh_3349_2,route_22_7,22,7
3349,veh_3349_3,route_21_8,21,8
3352,veh_3352_1,route_3_18,3,18
3358,veh_3358_1,route_11_18,11,18
3358,veh_3358_2,route_10_19,10,19
3359,veh_3359_1,route_22_7,22,7
3359,veh_3359_2,route_21_8,21,8
3359,veh_3359_3,route_12_13,12,13
3362,veh_3362_1,route_12_13,12,13
3362,veh_3362_2,route_6_7,6,7
3363,veh_3363_1,route_4_14,4,14
3363,veh_3363_2,route_16_2,16,2
3366,veh_3366_1,route_17_1,17,1
3368,veh_3368_1,route_15_8,15,8
3368,veh_3368_2,route_22_7,22,7
3368,veh_3368_3,route_21_8,21,8
3371,veh_3371_1,route_11_18,11,18
3371,veh_3371_2,route_10_19,10,19
3374,veh_3374_1,route_4_14,4,14
3376,veh_3376_1,route_17_1,17,1
3376,veh_3376_2,route_16_2,16,2
3376,veh_3376_3,route_15_8,15,8
3380,veh_3380_1,route_11_18,11,18
3381,veh_3381_1,route_12_13,12,13
3381,veh_3381_2,route_10_19,10,19
3381,veh_3381_3,route_22_7,22,7
3381,veh_3381_4,route_21_8,21,8
3385,veh_3385_1,route_11_18,11,18
3386,veh_3386_1,route_22_7,22,7
3386,veh_3386_2,route_21_8,21,8
3391,veh_3391_1,route_10_19,10,19
3391,veh_3391_2,route_22_1,22,1
3391,veh_3391_3,route_10_19,10,19
3393,veh_3393_1,route_11_18,11,18
3396,veh_3396_1,route_10_19,10,19
3401,veh_3401_1,route_22_7,22,7
3401,veh_3401_2,route_21_8,21,8
3405,veh_3405_1,route_10_19,10,19
3407,veh_3407_1,route_11_18,11,18
3408,veh_3408_1,route_4_14,4,14
3413,veh_3413_1,route_15_8,15,8
3414,veh_3414_1,route_22_7,22,7
3415,veh_3415_1,route_21_8,21,8
3417,veh_3417_1,route_10_19,10,19
3418,veh_3418_1,route_11_18,11,18
3419,veh_3419_1,route_16_2,16,2
3426,veh_3426_1,route_22_7,22,7
3426,veh_3426_2,route_21_8,21,8
3428,veh_3428_1,route_10_19,10,19
3430,veh_3430_1,route_11_18,11,18
3431,veh_3431_1,route_6_7,6,7
3433,veh_3433_1,route_4_14,4,14
3436,veh_3436_1,route_17_18,17,18
3438,veh_3438_1,route_16_2,16,2
3438,veh_3438_2,route_15_8,15,8
3440,veh_3440_1,route_17_18,17,18
3440,veh_3440_2,route_22_1,22,1
3440,veh_3440_3,route_21_8,21,8
3441,veh_3441_1,route_11_18,11,18
3445,veh_3445_1,route_10_19,10,19
3447,veh_3447_1,route_4_14,4,14
3451,veh_3451_1,route_10_19,10,19
3451,veh_3451_2,route_22_7,22,7
3451,veh_3451_3,route_21_8,21,8
3453,veh_3453_1,route_11_18,11,18
3457,veh_3457_1,route_4_14,4,14
3457,veh_3457_2,route_5_13,5,13
3457,veh_3457_3,route_17_18,17,18
3461,veh_3461_1,route_10_19,10,19
3462,veh_3462_1,route_22_7,22,7
3462,veh_3462_2,route_21_8,21,8
3462,veh_3462_3,route_11_18,11,18
3462,veh_3462_4,route_12_13,12,13
3469,veh_3469_1,route_4_14,4,14
3470,veh_3470_1,route_17_1,17,1
3474,veh_3474_1,route_15_8,15,8
3475,veh_3475_1,route_22_1,22,1
3477,veh_3477_1,route_21_8,21,8
3477,veh_3477_2,route_11_18,11,18
3477,veh_3477_3,route_10_19,10,19
3478,veh_3478_1,route_22_7,22,7
3481,veh_3481_1,route_3_18,3,18
3483,veh_3483_1,route_15_8,15,8
3487,veh_3487_1,route_22_7,22,7
3489,veh_3489_1,route_11_18,11,18
3489,veh_3489_2,route_10_19,10,19
3491,veh_3491_1,route_21_8,21,8
3496,veh_3496_1,route_17_1,17,1
3496,veh_3496_2,route_15_8,15,8
3499,veh_3499_1,route_10_19,10,19
3500,veh_3500_1,route_20_8,20,8
3501,veh_3501_1,route_11_18,11,18
3502,veh_3502_1,route_21_8,21,8
3506,veh_3506_1,route_15_8,15,8
3506,veh_3506_2,route_16_2,16,2
3510,veh_3510_1,route_11_18,11,18
3510,veh_3510_2,route_10_19,10,19
3512,veh_3512_1,route_22_7,22,7
3513,veh_3513_1,route_21_8,21,8
3515,veh_3515_1,route_15_8,15,8
3516,veh_3516_1,route_16_2,16,2
3523,veh_3523_1,route_10_19,10,19
3523,veh_3523_2,route_9_1,9,1
3523,veh_3523_3,route_22_7,22,7
3526,veh_3526_1,route_11_18,11,18
3526,veh_3526_2,route_21_8,21,8
3529,veh_3529_1,route_6_7,6,7
3529,veh_3529_2,route_6_7,6,7
3530,veh_3530_1,route_4_14,4,14
3530,veh_3530_2,route_11_18,11,18
3535,veh_3535_1,route_17_1,17,1
3535,veh_3535_2,route_16_2,16,2
3535,veh_3535_3,route_6_7,6,7
3538,veh_3538_1,route_20_14,20,14
3539,veh_3539_1,route_9_2,9,2
3539,veh_3539_2,route_17_18,17,18
3541,veh_3541_1,route_15_8,15,8
3545,veh_3545_1,route_10_19,10,19
3545,veh_3545_2,route_11_18,11,18
3545,veh_3545_3,route_22_7,22,7
3545,veh_3545_4,route_21_8,21,8
3550,veh_3550_1,route_21_8,21,8
3551,veh_3551_1,route_4_14,4,14
3551,veh_3551_2,route_15_8,15,8
3552,veh_3552_1,route_17_1,17,1
3557,veh_3557_1,route_10_19,10,19
3557,veh_3557_2,route_22_7,22,7
3557,veh_3557_3,route_21_8,21,8
3558,veh_3558_1,route_11_18,11,18
3562,veh_3562_1,route_16_2,16,2
3562,veh_3562_2,route_15_8,15,8
3563,veh_3563_1,route_17_1,17,1
3566,veh_3566_1,route_17_18,17,18
3566,veh_3566_2,route_4_14,4,14
3568,veh_3568_1,route_22_1,22,1
3571,veh_3571_1,route_11_18,11,18
3571,veh_3571_2,route_21_8,21,8
3575,veh_3575_1,route_10_19,10,19
3576,veh_3576_1,route_5_13,5,13
3577,veh_3577_1,route_4_14,4,14
3577,veh_3577_2,route_10_19,10,19
3577,veh_3577_3,route_4_14,4,14
3580,veh_3580_1,route_22_1,22,1
3581,veh_3581_1,route_17_1,17,1
3581,veh_3581_2,route_15_8,15,8
3585,veh_3585_1,route_15_8,15,8
3586,veh_3586_1,route_22_7,22,7
3586,veh_3586_2,route_21_8,21,8
3587,veh_3587_1,route_10_19,10,19
3587,veh_3587_2,route_11_18,11,18
3592,veh_3592_1,route_21_8,21,8
3594,veh_3594_1,route_16_2,16,2
3594,veh_3594_2,route_17_1,17,1
3595,veh_3595_1,route_15_8,15,8
3596,veh_3596_1,route_16_2,16,2
3597,veh_3597_1,route_4_14,4,14
3598,veh_3598_1,route_20_14,20,14
